BEGIN_PER,1,"",,,,Trend1
CURVE,1,"","",TREND.TRACE1,0.0000000000000000e+00,0.0000000000000000e+00,1,1,0,255,0,0,1,0,255,0,0,0,1
CURVE,2,"TREND.TRACE2","",TREND.TRACE2,0.0000000000000000e+00,0.0000000000000000e+00,1,1,1,0,255,0,1,0,255,0,0,0,1
CURVE,3,"","",TREND.TRACE3,0.0000000000000000e+00,0.0000000000000000e+00,0,1,1,255,255,0,1,0,255,0,0,0,1
CURVE,4,"","",TREND.TRACE4,0.0000000000000000e+00,0.0000000000000000e+00,0,1,1,0,0,255,1,0,255,0,0,0,1
PAUSE,1.7158656627090000e+12,1.7158662827090000e+12,1.7158656627090000e+12,1.7158662827090000e+12
ZOOM,-1,0.0000000000000000e+00,0.0000000000000000e+00,0,0.0000000000000000e+00

GRID,1,1,2,15,1

