BEGIN_PER,1,"",,,,Trend1
CURVE,1,"Temp‚rature FLOOR_01 ROOM_001","",@BUILDING.FLOOR_01.ROOM_001.AC.TEMP,0.0000000000000000e+00,4.0000000000000000e+01,1,1,0,255,0,0,1,0,255,0,0,0,1
CURVE,2,"Temp‚rature FLOOR_02 ROOM_001","",@BUILDING.FLOOR_02.ROOM_001.AC.TEMP,0.0000000000000000e+00,4.0000000000000000e+01,1,0,0,0,255,0,1,0,0,255,0,0,1
CURVE,3,"Temp‚rature FLOOR_02 ROOM_002","",@BUILDING.FLOOR_02.ROOM_002.AC.TEMP,0.0000000000000000e+00,4.0000000000000000e+01,0,1,0,255,255,0,1,0,255,255,0,0,1
CURVE,4,"BUILDING.FLOOR_01.ROOM_001.LT.ON","",@BUILDING.FLOOR_01.ROOM_001.LT.ON,0.0000000000000000e+00,1.0000000000000000e+00,0,1,0,0,255,255,1,0,0,255,255,0,1
CURVE,5,"BUILDING.FLOOR_02.ROOM_001.LT.ON","",@BUILDING.FLOOR_02.ROOM_001.LT.ON,0.0000000000000000e+00,1.0000000000000000e+00,0,1,0,0,0,255,1,0,0,0,255,0,1
CURVE,6,"BUILDING.FLOOR_02.ROOM_002.LT.ON","",@BUILDING.FLOOR_02.ROOM_002.LT.ON,0.0000000000000000e+00,1.0000000000000000e+00,0,1,0,255,0,255,1,0,255,0,255,0,1
CURVE,7,"","",,0.0000000000000000e+00,0.0000000000000000e+00,1,1,1,255,0,0,1,0,255,0,0,0,1
CURVE,8,"","",,0.0000000000000000e+00,0.0000000000000000e+00,1,1,1,255,0,0,1,0,255,0,0,0,1
CURVE,9,"","",,0.0000000000000000e+00,0.0000000000000000e+00,1,1,1,255,0,0,1,0,255,0,0,0,1
CURVE,10,"","",,0.0000000000000000e+00,0.0000000000000000e+00,1,1,1,255,0,0,1,0,255,0,0,0,1
CURVE,11,"","",,0.0000000000000000e+00,0.0000000000000000e+00,1,1,1,255,0,0,1,0,255,0,0,0,1
CURVE,12,"","",,0.0000000000000000e+00,0.0000000000000000e+00,1,1,1,255,0,0,1,0,255,0,0,0,1
CURVE,13,"","",,0.0000000000000000e+00,0.0000000000000000e+00,1,1,1,255,0,0,1,0,255,0,0,0,1
CURVE,14,"","",,0.0000000000000000e+00,0.0000000000000000e+00,1,1,1,255,0,0,1,0,255,0,0,0,1
CURVE,15,"","",,0.0000000000000000e+00,0.0000000000000000e+00,1,1,1,255,0,0,1,0,255,0,0,0,1
CURVE,16,"","",,0.0000000000000000e+00,0.0000000000000000e+00,1,1,1,255,0,0,1,0,255,0,0,0,1
PLAY,1.8000000000000000e+05

GRID,1,1,2,15,1

