ASCII32
FONTS,BEGIN
FONTS,END
COLORS,BEGIN
COLORS,END
O,BEGIN,GRP,"Group1"
	B,128,256,164,411,128,256,1,0,6400,0,1,0,0,0,1,0,-1
	O,BEGIN,S,"Symbol28"
		B,128,256,164,271,128,271,65535,0,6400,0,2,0,0,0,1,0,-1
		PP,"L_General/TRENDS_Add_Remove","1",128,256,164,271,1,0,0,1,0,0,1,0,-394,-597,-394,-597
	O,END
	O,BEGIN,S,"Symbol2"
		B,128,276,164,291,128,291,65535,0,6400,0,2,0,0,0,1,0,-1
		PP,"L_General/TRENDS_Add_Remove","2",128,276,164,291,1,0,0,1,0,0,1,0,-394,-557,-394,-557
	O,END
	O,BEGIN,S,"Symbol3"
		B,128,296,164,311,128,311,65535,0,6400,0,2,0,0,0,1,0,-1
		PP,"L_General/TRENDS_Add_Remove","3",128,296,164,311,1,0,0,1,0,0,1,0,-394,-517,-394,-517
	O,END
	O,BEGIN,S,"Symbol4"
		B,128,316,164,331,128,331,65535,0,6400,0,2,0,0,0,1,0,-1
		PP,"L_General/TRENDS_Add_Remove","4",128,316,164,331,1,0,0,1,0,0,1,0,-394,-477,-394,-477
	O,END
	O,BEGIN,S,"Symbol5"
		B,128,336,164,351,128,351,65535,0,6400,0,2,0,0,0,1,0,-1
		PP,"L_General/TRENDS_Add_Remove","5",128,336,164,351,1,0,0,1,0,0,1,0,-394,-437,-394,-437
	O,END
	O,BEGIN,S,"Symbol6"
		B,128,356,164,371,128,371,65535,0,6400,0,2,0,0,0,1,0,-1
		PP,"L_General/TRENDS_Add_Remove","6",128,356,164,371,1,0,0,1,0,0,1,0,-394,-397,-394,-397
	O,END
	O,BEGIN,S,"Symbol7"
		B,128,376,164,391,128,391,65535,0,6400,0,2,0,0,0,1,0,-1
		PP,"L_General/TRENDS_Add_Remove","7",128,376,164,391,1,0,0,1,0,0,1,0,-394,-357,-394,-357
	O,END
	O,BEGIN,S,"Symbol8"
		B,128,396,164,411,128,411,65535,0,6400,0,2,0,0,0,1,0,-1
		PP,"L_General/TRENDS_Add_Remove","8",128,396,164,411,1,0,0,1,0,0,1,0,-394,-317,-394,-317
	O,END
O,END
