ASCII32
FONTS,BEGIN
FONTS,END
COLORS,BEGIN
COLORS,END
O,BEGIN,GRP,"Group1"
	B,128,256,164,411,128,256,1,0,6400,0,1,0,0,0,1,0,-1
	O,BEGIN,S,"Symbol28"
		B,128,256,164,271,128,271,65535,0,6400,0,2,0,0,0,1,0,-1
		PP,"L_General/TRENDS_Add_Remove","1",128,256,164,271,1,0,0,1,0,0,1,0,-596,-1073,-596,-1073
	O,END
	O,BEGIN,S,"Symbol2"
		B,128,276,164,291,128,291,65535,0,6400,0,2,0,0,0,1,0,-1
		PP,"L_General/TRENDS_Add_Remove","2",128,276,164,291,1,0,0,1,0,0,1,0,-596,-1013,-596,-1013
	O,END
	O,BEGIN,S,"Symbol3"
		B,128,296,164,311,128,311,65535,0,6400,0,2,0,0,0,1,0,-1
		PP,"L_General/TRENDS_Add_Remove","3",128,296,164,311,1,0,0,1,0,0,1,0,-596,-953,-596,-953
	O,END
	O,BEGIN,S,"Symbol4"
		B,128,316,164,331,128,331,65535,0,6400,0,2,0,0,0,1,0,-1
		PP,"L_General/TRENDS_Add_Remove","4",128,316,164,331,1,0,0,1,0,0,1,0,-596,-893,-596,-893
	O,END
	O,BEGIN,S,"Symbol5"
		B,128,336,164,351,128,351,65535,0,6400,0,2,0,0,0,1,0,-1
		PP,"L_General/TRENDS_Add_Remove","5",128,336,164,351,1,0,0,1,0,0,1,0,-596,-833,-596,-833
	O,END
	O,BEGIN,S,"Symbol6"
		B,128,356,164,371,128,371,65535,0,6400,0,2,0,0,0,1,0,-1
		PP,"L_General/TRENDS_Add_Remove","6",128,356,164,371,1,0,0,1,0,0,1,0,-596,-773,-596,-773
	O,END
	O,BEGIN,S,"Symbol7"
		B,128,376,164,391,128,391,65535,0,6400,0,2,0,0,0,1,0,-1
		PP,"L_General/TRENDS_Add_Remove","7",128,376,164,391,1,0,0,1,0,0,1,0,-596,-713,-596,-713
	O,END
	O,BEGIN,S,"Symbol8"
		B,128,396,164,411,128,411,65535,0,6400,0,2,0,0,0,1,0,-1
		PP,"L_General/TRENDS_Add_Remove","8",128,396,164,411,1,0,0,1,0,0,1,0,-596,-653,-596,-653
	O,END
O,END
