ASCII32
FONTS,BEGIN
FONTS,END
COLORS,BEGIN
	COLOREX,1,0,255,255,0,0,0
	COLOREX,2,0,0,0,0,0,0
	COLOREX,3,0,255,0,0,0,0
	COLOREX,4,255,255,0,0,0,0
	COLOREX,5,255,0,0,0,0,0
	COLOREX,6,93,93,93,0,0,0
	COLOREX,7,0,0,0,0,0,1
COLORS,END
O,BEGIN,GRP,"Group2"
	B,680,160,1084,564,680,564,65535,0,6400,0,1,0,0,0,1,0
	O,BEGIN,E,"BlueBase"
		B,1082,562,682,162,882,362,65535,0,6400,0,1,0,0,0,1,0
		ST,0,1,COLOR,1,COLOR,1,0,0,COLOR,1,0,COLOR,1,0,COLOR,2,0,COLOR,2
	O,END
	O,BEGIN,A,"Green3"
		B,1082,562,682,162,882,362,65535,0,6400,0,1,0,0,0,1,0
		ST,0,1,COLOR,3,COLOR,3,0,0,COLOR,3,0,COLOR,3,0,COLOR,2,0,COLOR,2
		PP,0,3,180.000000,270.000000
		A,BEGIN,PR,"Anim1",0,0,"",""
			PP,"VAR_3",0,-90.000000,0,0.000000
			ADVSCALE,2,51,2,75
		A,END
		A,BEGIN,VRL,"Anim2",0,0,"",""
			PP,"VAR_3",1,2,0,51.000000,1,1,0,101.000000,0,1,0,0.000000,0,1,0,0.000000,0,1,0,0.000000,0,1,0,0.000000,0,1,0,0.000000,0,1,0,0.000000,0,1,0,0.000000,0,1,0,0.000000
		A,END
	O,END
	O,BEGIN,A,"Green2"
		B,1082,562,682,162,882,362,65535,0,6400,0,1,0,0,0,1,0
		ST,0,1,COLOR,3,COLOR,3,0,0,COLOR,3,0,COLOR,3,0,COLOR,2,0,COLOR,2
		PP,0,3,90.000000,180.000000
		A,BEGIN,PR,"Anim1",0,0,"",""
			PP,"VAR_3",0,-90.000000,0,0.000000
			ADVSCALE,2,26,2,50
		A,END
		A,BEGIN,VRL,"Anim2",0,0,"",""
			PP,"VAR_3",1,2,0,26.000000,1,1,0,101.000000,0,1,0,0.000000,0,1,0,0.000000,0,1,0,0.000000,0,1,0,0.000000,0,1,0,0.000000,0,1,0,0.000000,0,1,0,0.000000,0,1,0,0.000000
		A,END
	O,END
	O,BEGIN,A,"Green1"
		B,1082,562,682,162,882,362,65535,0,6400,0,1,0,0,0,1,0
		ST,0,1,COLOR,3,COLOR,3,0,0,COLOR,3,0,COLOR,3,0,COLOR,2,0,COLOR,2
		PP,0,3,0.000000,90.000000
		A,BEGIN,PR,"Anim1",0,0,"",""
			PP,"VAR_3",0,-90.000000,0,0.000000
			ADVSCALE,2,0,2,25
		A,END
	O,END
	O,BEGIN,A,"Yellow3"
		B,1082,562,682,162,882,362,65535,0,6400,0,1,0,0,0,1,0
		ST,0,1,COLOR,4,COLOR,4,0,0,COLOR,4,0,COLOR,4,0,COLOR,2,0,COLOR,2
		PP,0,3,180.000000,270.000000
		A,BEGIN,PR,"Anim1",0,0,"",""
			PP,"VAR_2",0,-90.000000,0,0.000000
			ADVSCALE,2,51,2,75
		A,END
		A,BEGIN,VRL,"Anim2",0,0,"",""
			PP,"VAR_2",1,2,0,51.000000,1,1,0,101.000000,0,1,0,0.000000,0,1,0,0.000000,0,1,0,0.000000,0,1,0,0.000000,0,1,0,0.000000,0,1,0,0.000000,0,1,0,0.000000,0,1,0,0.000000
		A,END
	O,END
	O,BEGIN,A,"Yellow2"
		B,1082,562,682,162,882,362,65535,0,6400,0,1,0,0,0,1,0
		ST,0,1,COLOR,4,COLOR,4,0,0,COLOR,4,0,COLOR,4,0,COLOR,2,0,COLOR,2
		PP,0,3,90.000000,180.000000
		A,BEGIN,PR,"Anim1",0,0,"",""
			PP,"VAR_2",0,-90.000000,0,0.000000
			ADVSCALE,2,26,2,50
		A,END
		A,BEGIN,VRL,"Anim2",0,0,"",""
			PP,"VAR_2",1,2,0,26.000000,1,1,0,101.000000,0,1,0,0.000000,0,1,0,0.000000,0,1,0,0.000000,0,1,0,0.000000,0,1,0,0.000000,0,1,0,0.000000,0,1,0,0.000000,0,1,0,0.000000
		A,END
	O,END
	O,BEGIN,A,"Yellow1"
		B,1082,562,682,162,882,362,65535,0,6400,0,1,0,0,0,1,0
		ST,0,1,COLOR,4,COLOR,4,0,0,COLOR,4,0,COLOR,4,0,COLOR,2,0,COLOR,2
		PP,0,3,0.000000,90.000000
		A,BEGIN,PR,"Anim1",0,0,"",""
			PP,"VAR_2",0,-90.000000,0,0.000000
			ADVSCALE,2,0,2,25
		A,END
	O,END
	O,BEGIN,A,"Red3"
		B,1082,562,682,162,882,362,65535,0,6400,0,1,0,0,0,1,0
		ST,0,1,COLOR,5,COLOR,5,0,0,COLOR,5,0,COLOR,5,0,COLOR,2,0,COLOR,2
		PP,0,3,180.000000,270.000000
		A,BEGIN,PR,"Anim1",0,0,"",""
			PP,"VAR_1",0,-90.000000,0,0.000000
			ADVSCALE,2,51,2,75
		A,END
		A,BEGIN,VRL,"Anim2",0,0,"",""
			PP,"VAR_1",1,2,0,51.000000,1,1,0,101.000000,0,1,0,0.000000,0,1,0,0.000000,0,1,0,0.000000,0,1,0,0.000000,0,1,0,0.000000,0,1,0,0.000000,0,1,0,0.000000,0,1,0,0.000000
		A,END
	O,END
	O,BEGIN,A,"Red2"
		B,1082,562,682,162,882,362,65535,0,6400,0,1,0,0,0,1,0
		ST,0,1,COLOR,5,COLOR,5,0,0,COLOR,5,0,COLOR,5,0,COLOR,2,0,COLOR,2
		PP,0,3,90.000000,180.000000
		A,BEGIN,PR,"Anim1",0,0,"",""
			PP,"VAR_1",0,-90.000000,0,0.000000
			ADVSCALE,2,26,2,50
		A,END
		A,BEGIN,VRL,"Anim2",0,0,"",""
			PP,"VAR_1",1,2,0,26.000000,1,1,0,101.000000,0,1,0,0.000000,0,1,0,0.000000,0,1,0,0.000000,0,1,0,0.000000,0,1,0,0.000000,0,1,0,0.000000,0,1,0,0.000000,0,1,0,0.000000
		A,END
	O,END
	O,BEGIN,A,"Red1"
		B,1082,562,682,162,882,362,65535,0,6400,0,1,0,0,0,1,0
		ST,0,1,COLOR,5,COLOR,5,0,0,COLOR,5,0,COLOR,5,0,COLOR,2,0,COLOR,2
		PP,0,3,0.000000,90.000000
		A,BEGIN,PR,"Anim1",0,0,"",""
			PP,"VAR_1",0,-90.000000,0,0.000000
			ADVSCALE,2,0,2,25
		A,END
	O,END
	O,BEGIN,A,"BaseBlue4"
		B,1082,562,682,162,882,362,65535,0,6400,0,1,0,0,0,1,0
		ST,0,1,COLOR,1,COLOR,1,0,0,COLOR,1,0,COLOR,1,0,COLOR,2,0,COLOR,2
		PP,0,3,270.000000,0.000000
	O,END
	O,BEGIN,GRP,"Green4"
		B,682,162,1082,562,682,562,65535,0,6400,0,1,0,0,0,1,0
		O,BEGIN,A,"Shape70"
			B,1082,562,682,162,882,362,65535,0,6400,0,1,0,0,0,1,0
			ST,0,1,COLOR,3,COLOR,3,0,0,COLOR,3,0,COLOR,3,0,COLOR,2,0,COLOR,2
			PP,0,3,270.000000,272.000000
			A,BEGIN,VRL,"Anim2",0,0,"",""
				PP,"VAR_3",1,2,0,76.000000,1,1,0,101.000000,0,1,0,0.000000,0,1,0,0.000000,0,1,0,0.000000,0,1,0,0.000000,0,1,0,0.000000,0,1,0,0.000000,0,1,0,0.000000,0,1,0,0.000000
			A,END
		O,END
		O,BEGIN,A,"Shape71"
			B,1082,562,682,162,882,362,65535,0,6400,0,1,0,0,0,1,0
			ST,0,1,COLOR,3,COLOR,3,0,0,COLOR,3,0,COLOR,3,0,COLOR,2,0,COLOR,2
			PP,0,3,272.000000,274.000000
			A,BEGIN,VRL,"Anim2",0,0,"",""
				PP,"VAR_3",1,2,0,77.000000,1,1,0,101.000000,0,1,0,0.000000,0,1,0,0.000000,0,1,0,0.000000,0,1,0,0.000000,0,1,0,0.000000,0,1,0,0.000000,0,1,0,0.000000,0,1,0,0.000000
			A,END
		O,END
		O,BEGIN,A,"Shape72"
			B,1082,562,682,162,882,362,65535,0,6400,0,1,0,0,0,1,0
			ST,0,1,COLOR,3,COLOR,3,0,0,COLOR,3,0,COLOR,3,0,COLOR,2,0,COLOR,2
			PP,0,3,274.000000,276.000000
			A,BEGIN,VRL,"Anim2",0,0,"",""
				PP,"VAR_3",1,2,0,78.000000,1,1,0,101.000000,0,1,0,0.000000,0,1,0,0.000000,0,1,0,0.000000,0,1,0,0.000000,0,1,0,0.000000,0,1,0,0.000000,0,1,0,0.000000,0,1,0,0.000000
			A,END
		O,END
		O,BEGIN,A,"Shape73"
			B,1082,562,682,162,882,362,65535,0,6400,0,1,0,0,0,1,0
			ST,0,1,COLOR,3,COLOR,3,0,0,COLOR,3,0,COLOR,3,0,COLOR,2,0,COLOR,2
			PP,0,3,276.000000,279.000000
			A,BEGIN,VRL,"Anim2",0,0,"",""
				PP,"VAR_3",1,2,0,79.000000,1,1,0,101.000000,0,1,0,0.000000,0,1,0,0.000000,0,1,0,0.000000,0,1,0,0.000000,0,1,0,0.000000,0,1,0,0.000000,0,1,0,0.000000,0,1,0,0.000000
			A,END
		O,END
		O,BEGIN,A,"Shape84"
			B,1082,562,682,162,882,362,65535,0,6400,0,1,0,0,0,1,0
			ST,0,1,COLOR,3,COLOR,3,0,0,COLOR,3,0,COLOR,3,0,COLOR,2,0,COLOR,2
			PP,0,3,279.000000,280.000000
			A,BEGIN,VRL,"Anim2",0,0,"",""
				PP,"VAR_3",1,2,0,80.000000,1,1,0,101.000000,0,1,0,0.000000,0,1,0,0.000000,0,1,0,0.000000,0,1,0,0.000000,0,1,0,0.000000,0,1,0,0.000000,0,1,0,0.000000,0,1,0,0.000000
			A,END
		O,END
		O,BEGIN,A,"Shape74"
			B,1082,562,682,162,882,362,65535,0,6400,0,1,0,0,0,1,0
			ST,0,1,COLOR,3,COLOR,3,0,0,COLOR,3,0,COLOR,3,0,COLOR,2,0,COLOR,2
			PP,0,3,352.000000,0.000000
			A,BEGIN,PR,"Anim1",0,0,"",""
				PP,"VAR_3",0,-90.000000,0,0.000000
				ADVSCALE,2,76,2,100
			A,END
			A,BEGIN,VRL,"Anim2",0,0,"",""
				PP,"VAR_3",1,2,0,79.000000,1,1,0,101.000000,0,1,0,0.000000,0,1,0,0.000000,0,1,0,0.000000,0,1,0,0.000000,0,1,0,0.000000,0,1,0,0.000000,0,1,0,0.000000,0,1,0,0.000000
			A,END
		O,END
		O,BEGIN,A,"Shape75"
			B,1082,562,682,162,882,362,65535,0,6400,0,1,0,0,0,1,0
			ST,0,1,COLOR,3,COLOR,3,0,0,COLOR,3,0,COLOR,3,0,COLOR,2,0,COLOR,2
			PP,0,3,344.000000,352.000000
			A,BEGIN,PR,"Anim1",0,0,"",""
				PP,"VAR_3",0,-90.000000,0,0.000000
				ADVSCALE,2,76,2,100
			A,END
			A,BEGIN,VRL,"Anim2",0,0,"",""
				PP,"VAR_3",1,2,0,80.500000,1,1,0,101.000000,0,1,0,0.000000,0,1,0,0.000000,0,1,0,0.000000,0,1,0,0.000000,0,1,0,0.000000,0,1,0,0.000000,0,1,0,0.000000,0,1,0,0.000000
			A,END
		O,END
		O,BEGIN,A,"Shape76"
			B,1082,562,682,162,882,362,65535,0,6400,0,1,0,0,0,1,0
			ST,0,1,COLOR,3,COLOR,3,0,0,COLOR,3,0,COLOR,3,0,COLOR,2,0,COLOR,2
			PP,0,3,336.000000,344.000000
			A,BEGIN,PR,"Anim1",0,0,"",""
				PP,"VAR_3",0,-90.000000,0,0.000000
				ADVSCALE,2,76,2,100
			A,END
			A,BEGIN,VRL,"Anim2",0,0,"",""
				PP,"VAR_3",1,2,0,82.500000,1,1,0,101.000000,0,1,0,0.000000,0,1,0,0.000000,0,1,0,0.000000,0,1,0,0.000000,0,1,0,0.000000,0,1,0,0.000000,0,1,0,0.000000,0,1,0,0.000000
			A,END
		O,END
		O,BEGIN,A,"Shape77"
			B,1082,562,682,162,882,362,65535,0,6400,0,1,0,0,0,1,0
			ST,0,1,COLOR,3,COLOR,3,0,0,COLOR,3,0,COLOR,3,0,COLOR,2,0,COLOR,2
			PP,0,3,328.000000,336.000000
			A,BEGIN,PR,"Anim1",0,0,"",""
				PP,"VAR_3",0,-90.000000,0,0.000000
				ADVSCALE,2,76,2,100
			A,END
			A,BEGIN,VRL,"Anim2",0,0,"",""
				PP,"VAR_3",1,2,0,84.500000,1,1,0,101.000000,0,1,0,0.000000,0,1,0,0.000000,0,1,0,0.000000,0,1,0,0.000000,0,1,0,0.000000,0,1,0,0.000000,0,1,0,0.000000,0,1,0,0.000000
			A,END
		O,END
		O,BEGIN,A,"Shape78"
			B,1082,562,682,162,882,362,65535,0,6400,0,1,0,0,0,1,0
			ST,0,1,COLOR,3,COLOR,3,0,0,COLOR,3,0,COLOR,3,0,COLOR,2,0,COLOR,2
			PP,0,3,320.000000,328.000000
			A,BEGIN,PR,"Anim1",0,0,"",""
				PP,"VAR_3",0,-90.000000,0,0.000000
				ADVSCALE,2,76,2,100
			A,END
			A,BEGIN,VRL,"Anim2",0,0,"",""
				PP,"VAR_3",1,2,0,87.000000,1,1,0,101.000000,0,1,0,0.000000,0,1,0,0.000000,0,1,0,0.000000,0,1,0,0.000000,0,1,0,0.000000,0,1,0,0.000000,0,1,0,0.000000,0,1,0,0.000000
			A,END
		O,END
		O,BEGIN,A,"Shape79"
			B,1082,562,682,162,882,362,65535,0,6400,0,1,0,0,0,1,0
			ST,0,1,COLOR,3,COLOR,3,0,0,COLOR,3,0,COLOR,3,0,COLOR,2,0,COLOR,2
			PP,0,3,312.000000,320.000000
			A,BEGIN,PR,"Anim1",0,0,"",""
				PP,"VAR_3",0,-90.000000,0,0.000000
				ADVSCALE,2,76,2,100
			A,END
			A,BEGIN,VRL,"Anim2",0,0,"",""
				PP,"VAR_3",1,2,0,89.000000,1,1,0,101.000000,0,1,0,0.000000,0,1,0,0.000000,0,1,0,0.000000,0,1,0,0.000000,0,1,0,0.000000,0,1,0,0.000000,0,1,0,0.000000,0,1,0,0.000000
			A,END
		O,END
		O,BEGIN,A,"Shape80"
			B,1082,562,682,162,882,362,65535,0,6400,0,1,0,0,0,1,0
			ST,0,1,COLOR,3,COLOR,3,0,0,COLOR,3,0,COLOR,3,0,COLOR,2,0,COLOR,2
			PP,0,3,304.000000,312.000000
			A,BEGIN,PR,"Anim1",0,0,"",""
				PP,"VAR_3",0,-90.000000,0,0.000000
				ADVSCALE,2,76,2,100
			A,END
			A,BEGIN,VRL,"Anim2",0,0,"",""
				PP,"VAR_3",1,2,0,91.000000,1,1,0,101.000000,0,1,0,0.000000,0,1,0,0.000000,0,1,0,0.000000,0,1,0,0.000000,0,1,0,0.000000,0,1,0,0.000000,0,1,0,0.000000,0,1,0,0.000000
			A,END
		O,END
		O,BEGIN,A,"Shape81"
			B,1082,562,682,162,882,362,65535,0,6400,0,1,0,0,0,1,0
			ST,0,1,COLOR,3,COLOR,3,0,0,COLOR,3,0,COLOR,3,0,COLOR,2,0,COLOR,2
			PP,0,3,296.000000,304.000000
			A,BEGIN,PR,"Anim1",0,0,"",""
				PP,"VAR_3",0,-90.000000,0,0.000000
				ADVSCALE,2,76,2,100
			A,END
			A,BEGIN,VRL,"Anim2",0,0,"",""
				PP,"VAR_3",1,2,0,93.500000,1,1,0,101.000000,0,1,0,0.000000,0,1,0,0.000000,0,1,0,0.000000,0,1,0,0.000000,0,1,0,0.000000,0,1,0,0.000000,0,1,0,0.000000,0,1,0,0.000000
			A,END
		O,END
		O,BEGIN,A,"Shape82"
			B,1082,562,682,162,882,362,65535,0,6400,0,1,0,0,0,1,0
			ST,0,1,COLOR,3,COLOR,3,0,0,COLOR,3,0,COLOR,3,0,COLOR,2,0,COLOR,2
			PP,0,3,288.000000,296.000000
			A,BEGIN,PR,"Anim1",0,0,"",""
				PP,"VAR_3",0,-90.000000,0,0.000000
				ADVSCALE,2,76,2,100
			A,END
			A,BEGIN,VRL,"Anim2",0,0,"",""
				PP,"VAR_3",1,2,0,95.500000,1,1,0,101.000000,0,1,0,0.000000,0,1,0,0.000000,0,1,0,0.000000,0,1,0,0.000000,0,1,0,0.000000,0,1,0,0.000000,0,1,0,0.000000,0,1,0,0.000000
			A,END
		O,END
		O,BEGIN,A,"Shape83"
			B,1082,562,682,162,882,362,65535,0,6400,0,1,0,0,0,1,0
			ST,0,1,COLOR,3,COLOR,3,0,0,COLOR,3,0,COLOR,3,0,COLOR,2,0,COLOR,2
			PP,0,3,280.000000,288.000000
			A,BEGIN,PR,"Anim1",0,0,"",""
				PP,"VAR_3",0,-90.000000,0,0.000000
				ADVSCALE,2,76,2,100
			A,END
			A,BEGIN,VRL,"Anim2",0,0,"",""
				PP,"VAR_3",1,2,0,97.500000,1,1,0,101.000000,0,1,0,0.000000,0,1,0,0.000000,0,1,0,0.000000,0,1,0,0.000000,0,1,0,0.000000,0,1,0,0.000000,0,1,0,0.000000,0,1,0,0.000000
			A,END
		O,END
	O,END
	O,BEGIN,GRP,"Yellow4"
		B,682,162,1082,562,682,562,65535,0,6400,0,1,0,0,0,1,0
		O,BEGIN,A,"Shape70"
			B,1082,562,682,162,882,362,65535,0,6400,0,1,0,0,0,1,0
			ST,0,1,COLOR,4,COLOR,4,0,0,COLOR,4,0,COLOR,4,0,COLOR,2,0,COLOR,2
			PP,0,3,270.000000,272.000000
			A,BEGIN,VRL,"Anim2",0,0,"",""
				PP,"VAR_2",1,2,0,76.000000,1,1,0,101.000000,0,1,0,0.000000,0,1,0,0.000000,0,1,0,0.000000,0,1,0,0.000000,0,1,0,0.000000,0,1,0,0.000000,0,1,0,0.000000,0,1,0,0.000000
			A,END
		O,END
		O,BEGIN,A,"Shape71"
			B,1082,562,682,162,882,362,65535,0,6400,0,1,0,0,0,1,0
			ST,0,1,COLOR,4,COLOR,4,0,0,COLOR,4,0,COLOR,4,0,COLOR,2,0,COLOR,2
			PP,0,3,272.000000,274.000000
			A,BEGIN,VRL,"Anim2",0,0,"",""
				PP,"VAR_2",1,2,0,77.000000,1,1,0,101.000000,0,1,0,0.000000,0,1,0,0.000000,0,1,0,0.000000,0,1,0,0.000000,0,1,0,0.000000,0,1,0,0.000000,0,1,0,0.000000,0,1,0,0.000000
			A,END
		O,END
		O,BEGIN,A,"Shape72"
			B,1082,562,682,162,882,362,65535,0,6400,0,1,0,0,0,1,0
			ST,0,1,COLOR,4,COLOR,4,0,0,COLOR,4,0,COLOR,4,0,COLOR,2,0,COLOR,2
			PP,0,3,274.000000,276.000000
			A,BEGIN,VRL,"Anim2",0,0,"",""
				PP,"VAR_2",1,2,0,78.000000,1,1,0,101.000000,0,1,0,0.000000,0,1,0,0.000000,0,1,0,0.000000,0,1,0,0.000000,0,1,0,0.000000,0,1,0,0.000000,0,1,0,0.000000,0,1,0,0.000000
			A,END
		O,END
		O,BEGIN,A,"Shape73"
			B,1082,562,682,162,882,362,65535,0,6400,0,1,0,0,0,1,0
			ST,0,1,COLOR,4,COLOR,4,0,0,COLOR,4,0,COLOR,4,0,COLOR,2,0,COLOR,2
			PP,0,3,276.000000,279.000000
			A,BEGIN,VRL,"Anim2",0,0,"",""
				PP,"VAR_2",1,2,0,79.000000,1,1,0,101.000000,0,1,0,0.000000,0,1,0,0.000000,0,1,0,0.000000,0,1,0,0.000000,0,1,0,0.000000,0,1,0,0.000000,0,1,0,0.000000,0,1,0,0.000000
			A,END
		O,END
		O,BEGIN,A,"Shape84"
			B,1082,562,682,162,882,362,65535,0,6400,0,1,0,0,0,1,0
			ST,0,1,COLOR,4,COLOR,4,0,0,COLOR,4,0,COLOR,4,0,COLOR,2,0,COLOR,2
			PP,0,3,279.000000,280.000000
			A,BEGIN,VRL,"Anim2",0,0,"",""
				PP,"VAR_2",1,2,0,80.000000,1,1,0,101.000000,0,1,0,0.000000,0,1,0,0.000000,0,1,0,0.000000,0,1,0,0.000000,0,1,0,0.000000,0,1,0,0.000000,0,1,0,0.000000,0,1,0,0.000000
			A,END
		O,END
		O,BEGIN,A,"Shape74"
			B,1082,562,682,162,882,362,65535,0,6400,0,1,0,0,0,1,0
			ST,0,1,COLOR,4,COLOR,4,0,0,COLOR,4,0,COLOR,4,0,COLOR,2,0,COLOR,2
			PP,0,3,352.000000,0.000000
			A,BEGIN,PR,"Anim1",0,0,"",""
				PP,"VAR_2",0,-90.000000,0,0.000000
				ADVSCALE,2,76,2,100
			A,END
			A,BEGIN,VRL,"Anim2",0,0,"",""
				PP,"VAR_2",1,2,0,79.000000,1,1,0,101.000000,0,1,0,0.000000,0,1,0,0.000000,0,1,0,0.000000,0,1,0,0.000000,0,1,0,0.000000,0,1,0,0.000000,0,1,0,0.000000,0,1,0,0.000000
			A,END
		O,END
		O,BEGIN,A,"Shape75"
			B,1082,562,682,162,882,362,65535,0,6400,0,1,0,0,0,1,0
			ST,0,1,COLOR,4,COLOR,4,0,0,COLOR,4,0,COLOR,4,0,COLOR,2,0,COLOR,2
			PP,0,3,344.000000,352.000000
			A,BEGIN,PR,"Anim1",0,0,"",""
				PP,"VAR_2",0,-90.000000,0,0.000000
				ADVSCALE,2,76,2,100
			A,END
			A,BEGIN,VRL,"Anim2",0,0,"",""
				PP,"VAR_2",1,2,0,80.500000,1,1,0,101.000000,0,1,0,0.000000,0,1,0,0.000000,0,1,0,0.000000,0,1,0,0.000000,0,1,0,0.000000,0,1,0,0.000000,0,1,0,0.000000,0,1,0,0.000000
			A,END
		O,END
		O,BEGIN,A,"Shape76"
			B,1082,562,682,162,882,362,65535,0,6400,0,1,0,0,0,1,0
			ST,0,1,COLOR,4,COLOR,4,0,0,COLOR,4,0,COLOR,4,0,COLOR,2,0,COLOR,2
			PP,0,3,336.000000,344.000000
			A,BEGIN,PR,"Anim1",0,0,"",""
				PP,"VAR_2",0,-90.000000,0,0.000000
				ADVSCALE,2,76,2,100
			A,END
			A,BEGIN,VRL,"Anim2",0,0,"",""
				PP,"VAR_2",1,2,0,82.500000,1,1,0,101.000000,0,1,0,0.000000,0,1,0,0.000000,0,1,0,0.000000,0,1,0,0.000000,0,1,0,0.000000,0,1,0,0.000000,0,1,0,0.000000,0,1,0,0.000000
			A,END
		O,END
		O,BEGIN,A,"Shape77"
			B,1082,562,682,162,882,362,65535,0,6400,0,1,0,0,0,1,0
			ST,0,1,COLOR,4,COLOR,4,0,0,COLOR,4,0,COLOR,4,0,COLOR,2,0,COLOR,2
			PP,0,3,328.000000,336.000000
			A,BEGIN,PR,"Anim1",0,0,"",""
				PP,"VAR_2",0,-90.000000,0,0.000000
				ADVSCALE,2,76,2,100
			A,END
			A,BEGIN,VRL,"Anim2",0,0,"",""
				PP,"VAR_2",1,2,0,84.500000,1,1,0,101.000000,0,1,0,0.000000,0,1,0,0.000000,0,1,0,0.000000,0,1,0,0.000000,0,1,0,0.000000,0,1,0,0.000000,0,1,0,0.000000,0,1,0,0.000000
			A,END
		O,END
		O,BEGIN,A,"Shape78"
			B,1082,562,682,162,882,362,65535,0,6400,0,1,0,0,0,1,0
			ST,0,1,COLOR,4,COLOR,4,0,0,COLOR,4,0,COLOR,4,0,COLOR,2,0,COLOR,2
			PP,0,3,320.000000,328.000000
			A,BEGIN,PR,"Anim1",0,0,"",""
				PP,"VAR_2",0,-90.000000,0,0.000000
				ADVSCALE,2,76,2,100
			A,END
			A,BEGIN,VRL,"Anim2",0,0,"",""
				PP,"VAR_2",1,2,0,87.000000,1,1,0,101.000000,0,1,0,0.000000,0,1,0,0.000000,0,1,0,0.000000,0,1,0,0.000000,0,1,0,0.000000,0,1,0,0.000000,0,1,0,0.000000,0,1,0,0.000000
			A,END
		O,END
		O,BEGIN,A,"Shape79"
			B,1082,562,682,162,882,362,65535,0,6400,0,1,0,0,0,1,0
			ST,0,1,COLOR,4,COLOR,4,0,0,COLOR,4,0,COLOR,4,0,COLOR,2,0,COLOR,2
			PP,0,3,312.000000,320.000000
			A,BEGIN,PR,"Anim1",0,0,"",""
				PP,"VAR_2",0,-90.000000,0,0.000000
				ADVSCALE,2,76,2,100
			A,END
			A,BEGIN,VRL,"Anim2",0,0,"",""
				PP,"VAR_2",1,2,0,89.000000,1,1,0,101.000000,0,1,0,0.000000,0,1,0,0.000000,0,1,0,0.000000,0,1,0,0.000000,0,1,0,0.000000,0,1,0,0.000000,0,1,0,0.000000,0,1,0,0.000000
			A,END
		O,END
		O,BEGIN,A,"Shape80"
			B,1082,562,682,162,882,362,65535,0,6400,0,1,0,0,0,1,0
			ST,0,1,COLOR,4,COLOR,4,0,0,COLOR,4,0,COLOR,4,0,COLOR,2,0,COLOR,2
			PP,0,3,304.000000,312.000000
			A,BEGIN,PR,"Anim1",0,0,"",""
				PP,"VAR_2",0,-90.000000,0,0.000000
				ADVSCALE,2,76,2,100
			A,END
			A,BEGIN,VRL,"Anim2",0,0,"",""
				PP,"VAR_2",1,2,0,91.000000,1,1,0,101.000000,0,1,0,0.000000,0,1,0,0.000000,0,1,0,0.000000,0,1,0,0.000000,0,1,0,0.000000,0,1,0,0.000000,0,1,0,0.000000,0,1,0,0.000000
			A,END
		O,END
		O,BEGIN,A,"Shape81"
			B,1082,562,682,162,882,362,65535,0,6400,0,1,0,0,0,1,0
			ST,0,1,COLOR,4,COLOR,4,0,0,COLOR,4,0,COLOR,4,0,COLOR,2,0,COLOR,2
			PP,0,3,296.000000,304.000000
			A,BEGIN,PR,"Anim1",0,0,"",""
				PP,"VAR_2",0,-90.000000,0,0.000000
				ADVSCALE,2,76,2,100
			A,END
			A,BEGIN,VRL,"Anim2",0,0,"",""
				PP,"VAR_2",1,2,0,93.500000,1,1,0,101.000000,0,1,0,0.000000,0,1,0,0.000000,0,1,0,0.000000,0,1,0,0.000000,0,1,0,0.000000,0,1,0,0.000000,0,1,0,0.000000,0,1,0,0.000000
			A,END
		O,END
		O,BEGIN,A,"Shape82"
			B,1082,562,682,162,882,362,65535,0,6400,0,1,0,0,0,1,0
			ST,0,1,COLOR,4,COLOR,4,0,0,COLOR,4,0,COLOR,4,0,COLOR,2,0,COLOR,2
			PP,0,3,288.000000,296.000000
			A,BEGIN,PR,"Anim1",0,0,"",""
				PP,"VAR_2",0,-90.000000,0,0.000000
				ADVSCALE,2,76,2,100
			A,END
			A,BEGIN,VRL,"Anim2",0,0,"",""
				PP,"VAR_2",1,2,0,95.500000,1,1,0,101.000000,0,1,0,0.000000,0,1,0,0.000000,0,1,0,0.000000,0,1,0,0.000000,0,1,0,0.000000,0,1,0,0.000000,0,1,0,0.000000,0,1,0,0.000000
			A,END
		O,END
		O,BEGIN,A,"Shape83"
			B,1082,562,682,162,882,362,65535,0,6400,0,1,0,0,0,1,0
			ST,0,1,COLOR,4,COLOR,4,0,0,COLOR,4,0,COLOR,4,0,COLOR,2,0,COLOR,2
			PP,0,3,280.000000,288.000000
			A,BEGIN,PR,"Anim1",0,0,"",""
				PP,"VAR_2",0,-90.000000,0,0.000000
				ADVSCALE,2,76,2,100
			A,END
			A,BEGIN,VRL,"Anim2",0,0,"",""
				PP,"VAR_2",1,2,0,97.500000,1,1,0,101.000000,0,1,0,0.000000,0,1,0,0.000000,0,1,0,0.000000,0,1,0,0.000000,0,1,0,0.000000,0,1,0,0.000000,0,1,0,0.000000,0,1,0,0.000000
			A,END
		O,END
	O,END
	O,BEGIN,GRP,"Red4"
		B,682,162,1082,562,682,562,65535,0,6400,0,1,0,0,0,1,0
		O,BEGIN,A,"Shape1"
			B,1082,562,682,162,882,362,65535,0,6400,0,1,0,0,0,1,0
			ST,0,1,COLOR,5,COLOR,5,0,0,COLOR,5,0,COLOR,5,0,COLOR,2,0,COLOR,2
			PP,0,3,270.000000,272.000000
			A,BEGIN,VRL,"Anim2",0,0,"",""
				PP,"VAR_1",1,2,0,76.000000,1,1,0,101.000000,0,1,0,0.000000,0,1,0,0.000000,0,1,0,0.000000,0,1,0,0.000000,0,1,0,0.000000,0,1,0,0.000000,0,1,0,0.000000,0,1,0,0.000000
			A,END
		O,END
		O,BEGIN,A,"Shape2"
			B,1082,562,682,162,882,362,65535,0,6400,0,1,0,0,0,1,0
			ST,0,1,COLOR,5,COLOR,5,0,0,COLOR,5,0,COLOR,5,0,COLOR,2,0,COLOR,2
			PP,0,3,272.000000,274.000000
			A,BEGIN,VRL,"Anim2",0,0,"",""
				PP,"VAR_1",1,2,0,77.000000,1,1,0,101.000000,0,1,0,0.000000,0,1,0,0.000000,0,1,0,0.000000,0,1,0,0.000000,0,1,0,0.000000,0,1,0,0.000000,0,1,0,0.000000,0,1,0,0.000000
			A,END
		O,END
		O,BEGIN,A,"Shape3"
			B,1082,562,682,162,882,362,65535,0,6400,0,1,0,0,0,1,0
			ST,0,1,COLOR,5,COLOR,5,0,0,COLOR,5,0,COLOR,5,0,COLOR,2,0,COLOR,2
			PP,0,3,274.000000,276.000000
			A,BEGIN,VRL,"Anim2",0,0,"",""
				PP,"VAR_1",1,2,0,78.000000,1,1,0,101.000000,0,1,0,0.000000,0,1,0,0.000000,0,1,0,0.000000,0,1,0,0.000000,0,1,0,0.000000,0,1,0,0.000000,0,1,0,0.000000,0,1,0,0.000000
			A,END
		O,END
		O,BEGIN,A,"Shape4"
			B,1082,562,682,162,882,362,65535,0,6400,0,1,0,0,0,1,0
			ST,0,1,COLOR,5,COLOR,5,0,0,COLOR,5,0,COLOR,5,0,COLOR,2,0,COLOR,2
			PP,0,3,276.000000,279.000000
			A,BEGIN,VRL,"Anim2",0,0,"",""
				PP,"VAR_1",1,2,0,79.000000,1,1,0,101.000000,0,1,0,0.000000,0,1,0,0.000000,0,1,0,0.000000,0,1,0,0.000000,0,1,0,0.000000,0,1,0,0.000000,0,1,0,0.000000,0,1,0,0.000000
			A,END
		O,END
		O,BEGIN,A,"Shape15"
			B,1082,562,682,162,882,362,65535,0,6400,0,1,0,0,0,1,0
			ST,0,1,COLOR,5,COLOR,5,0,0,COLOR,5,0,COLOR,5,0,COLOR,2,0,COLOR,2
			PP,0,3,279.000000,280.000000
			A,BEGIN,VRL,"Anim2",0,0,"",""
				PP,"VAR_1",1,2,0,80.000000,1,1,0,101.000000,0,1,0,0.000000,0,1,0,0.000000,0,1,0,0.000000,0,1,0,0.000000,0,1,0,0.000000,0,1,0,0.000000,0,1,0,0.000000,0,1,0,0.000000
			A,END
		O,END
		O,BEGIN,A,"Shape5"
			B,1082,562,682,162,882,362,65535,0,6400,0,1,0,0,0,1,0
			ST,0,1,COLOR,5,COLOR,5,0,0,COLOR,5,0,COLOR,5,0,COLOR,2,0,COLOR,2
			PP,0,3,352.000000,0.000000
			A,BEGIN,PR,"Anim1",0,0,"",""
				PP,"VAR_1",0,-90.000000,0,0.000000
				ADVSCALE,2,76,2,100
			A,END
			A,BEGIN,VRL,"Anim2",0,0,"",""
				PP,"VAR_1",1,2,0,79.000000,1,1,0,101.000000,0,1,0,0.000000,0,1,0,0.000000,0,1,0,0.000000,0,1,0,0.000000,0,1,0,0.000000,0,1,0,0.000000,0,1,0,0.000000,0,1,0,0.000000
			A,END
		O,END
		O,BEGIN,A,"Shape6"
			B,1082,562,682,162,882,362,65535,0,6400,0,1,0,0,0,1,0
			ST,0,1,COLOR,5,COLOR,5,0,0,COLOR,5,0,COLOR,5,0,COLOR,2,0,COLOR,2
			PP,0,3,344.000000,352.000000
			A,BEGIN,PR,"Anim1",0,0,"",""
				PP,"VAR_1",0,-90.000000,0,0.000000
				ADVSCALE,2,76,2,100
			A,END
			A,BEGIN,VRL,"Anim2",0,0,"",""
				PP,"VAR_1",1,2,0,80.500000,1,1,0,101.000000,0,1,0,0.000000,0,1,0,0.000000,0,1,0,0.000000,0,1,0,0.000000,0,1,0,0.000000,0,1,0,0.000000,0,1,0,0.000000,0,1,0,0.000000
			A,END
		O,END
		O,BEGIN,A,"Shape7"
			B,1082,562,682,162,882,362,65535,0,6400,0,1,0,0,0,1,0
			ST,0,1,COLOR,5,COLOR,5,0,0,COLOR,5,0,COLOR,5,0,COLOR,2,0,COLOR,2
			PP,0,3,336.000000,344.000000
			A,BEGIN,PR,"Anim1",0,0,"",""
				PP,"VAR_1",0,-90.000000,0,0.000000
				ADVSCALE,2,76,2,100
			A,END
			A,BEGIN,VRL,"Anim2",0,0,"",""
				PP,"VAR_1",1,2,0,82.500000,1,1,0,101.000000,0,1,0,0.000000,0,1,0,0.000000,0,1,0,0.000000,0,1,0,0.000000,0,1,0,0.000000,0,1,0,0.000000,0,1,0,0.000000,0,1,0,0.000000
			A,END
		O,END
		O,BEGIN,A,"Shape8"
			B,1082,562,682,162,882,362,65535,0,6400,0,1,0,0,0,1,0
			ST,0,1,COLOR,5,COLOR,5,0,0,COLOR,5,0,COLOR,5,0,COLOR,2,0,COLOR,2
			PP,0,3,328.000000,337.000000
			A,BEGIN,PR,"Anim1",0,0,"",""
				PP,"VAR_1",0,-90.000000,0,0.000000
				ADVSCALE,2,76,2,100
			A,END
			A,BEGIN,VRL,"Anim2",0,0,"",""
				PP,"VAR_1",1,2,0,84.500000,1,1,0,101.000000,0,1,0,0.000000,0,1,0,0.000000,0,1,0,0.000000,0,1,0,0.000000,0,1,0,0.000000,0,1,0,0.000000,0,1,0,0.000000,0,1,0,0.000000
			A,END
		O,END
		O,BEGIN,A,"Shape9"
			B,1082,562,682,162,882,362,65535,0,6400,0,1,0,0,0,1,0
			ST,0,1,COLOR,5,COLOR,5,0,0,COLOR,5,0,COLOR,5,0,COLOR,2,0,COLOR,2
			PP,0,3,320.000000,329.000000
			A,BEGIN,PR,"Anim1",0,0,"",""
				PP,"VAR_1",0,-90.000000,0,0.000000
				ADVSCALE,2,76,2,100
			A,END
			A,BEGIN,VRL,"Anim2",0,0,"",""
				PP,"VAR_1",1,2,0,87.000000,1,1,0,101.000000,0,1,0,0.000000,0,1,0,0.000000,0,1,0,0.000000,0,1,0,0.000000,0,1,0,0.000000,0,1,0,0.000000,0,1,0,0.000000,0,1,0,0.000000
			A,END
		O,END
		O,BEGIN,A,"Shape10"
			B,1082,562,682,162,882,362,65535,0,6400,0,1,0,0,0,1,0
			ST,0,1,COLOR,5,COLOR,5,0,0,COLOR,5,0,COLOR,5,0,COLOR,2,0,COLOR,2
			PP,0,3,312.000000,321.000000
			A,BEGIN,PR,"Anim1",0,0,"",""
				PP,"VAR_1",0,-90.000000,0,0.000000
				ADVSCALE,2,76,2,100
			A,END
			A,BEGIN,VRL,"Anim2",0,0,"",""
				PP,"VAR_1",1,2,0,89.000000,1,1,0,101.000000,0,1,0,0.000000,0,1,0,0.000000,0,1,0,0.000000,0,1,0,0.000000,0,1,0,0.000000,0,1,0,0.000000,0,1,0,0.000000,0,1,0,0.000000
			A,END
		O,END
		O,BEGIN,A,"Shape11"
			B,1082,562,682,162,882,362,65535,0,6400,0,1,0,0,0,1,0
			ST,0,1,COLOR,5,COLOR,5,0,0,COLOR,5,0,COLOR,5,0,COLOR,2,0,COLOR,2
			PP,0,3,304.000000,313.000000
			A,BEGIN,PR,"Anim1",0,0,"",""
				PP,"VAR_1",0,-90.000000,0,0.000000
				ADVSCALE,2,76,2,100
			A,END
			A,BEGIN,VRL,"Anim2",0,0,"",""
				PP,"VAR_1",1,2,0,91.000000,1,1,0,101.000000,0,1,0,0.000000,0,1,0,0.000000,0,1,0,0.000000,0,1,0,0.000000,0,1,0,0.000000,0,1,0,0.000000,0,1,0,0.000000,0,1,0,0.000000
			A,END
		O,END
		O,BEGIN,A,"Shape12"
			B,1082,562,682,162,882,362,65535,0,6400,0,1,0,0,0,1,0
			ST,0,1,COLOR,5,COLOR,5,0,0,COLOR,5,0,COLOR,5,0,COLOR,2,0,COLOR,2
			PP,0,3,296.000000,305.000000
			A,BEGIN,PR,"Anim1",0,0,"",""
				PP,"VAR_1",0,-90.000000,0,0.000000
				ADVSCALE,2,76,2,100
			A,END
			A,BEGIN,VRL,"Anim2",0,0,"",""
				PP,"VAR_1",1,2,0,93.500000,1,1,0,101.000000,0,1,0,0.000000,0,1,0,0.000000,0,1,0,0.000000,0,1,0,0.000000,0,1,0,0.000000,0,1,0,0.000000,0,1,0,0.000000,0,1,0,0.000000
			A,END
		O,END
		O,BEGIN,A,"Shape13"
			B,1082,562,682,162,882,362,65535,0,6400,0,1,0,0,0,1,0
			ST,0,1,COLOR,5,COLOR,5,0,0,COLOR,5,0,COLOR,5,0,COLOR,2,0,COLOR,2
			PP,0,3,288.000000,297.000000
			A,BEGIN,PR,"Anim1",0,0,"",""
				PP,"VAR_1",0,-90.000000,0,0.000000
				ADVSCALE,2,76,2,100
			A,END
			A,BEGIN,VRL,"Anim2",0,0,"",""
				PP,"VAR_1",1,2,0,95.500000,1,1,0,101.000000,0,1,0,0.000000,0,1,0,0.000000,0,1,0,0.000000,0,1,0,0.000000,0,1,0,0.000000,0,1,0,0.000000,0,1,0,0.000000,0,1,0,0.000000
			A,END
		O,END
		O,BEGIN,A,"Shape14"
			B,1082,562,682,162,882,362,65535,0,6400,0,1,0,0,0,1,0
			ST,0,1,COLOR,5,COLOR,5,0,0,COLOR,5,0,COLOR,5,0,COLOR,2,0,COLOR,2
			PP,0,3,280.000000,288.000000
			A,BEGIN,PR,"Anim1",0,0,"",""
				PP,"VAR_1",0,-90.000000,0,0.000000
				ADVSCALE,2,76,2,100
			A,END
			A,BEGIN,VRL,"Anim2",0,0,"",""
				PP,"VAR_1",1,2,0,97.000000,1,1,0,101.000000,0,1,0,0.000000,0,1,0,0.000000,0,1,0,0.000000,0,1,0,0.000000,0,1,0,0.000000,0,1,0,0.000000,0,1,0,0.000000,0,1,0,0.000000
			A,END
		O,END
	O,END
	O,BEGIN,E,"Shape1"
		B,1084,564,680,160,1084,564,65535,0,6400,0,1,0,0,0,1,0
		ST,0,5,COLOR,6,COLOR,6,0,0,COLOR,7,0,COLOR,7,0,COLOR,2,0,COLOR,2
	O,END
	O,BEGIN,E,"Shape2"
		B,982,462,782,262,982,462,65535,0,6400,0,1,0,0,0,1,0
		ST,0,1,COLOR,6,COLOR,6,0,0,COLOR,6,0,COLOR,6,0,COLOR,2,0,COLOR,2
	O,END
O,END
