LB,04073,0,T,TREND.TRACE1,050926145141296,050926150133656
TR,TREND.TRACE1,0,100,1,1,,0,0
050926145141296,99.992386
050926145145453,99.969543
050926145149453,99.93148
050926145153453,99.878204
050926145157453,99.809738
050926145201453,99.726097
050926145205453,99.627304
050926145209453,99.513405
050926145213453,99.384415
050926145217656,99.240387
050926145221656,99.08136
050926145225656,98.907379
050926145229656,98.718506
050926145233656,98.514786
050926145237656,98.296288
050926145241656,98.063087
050926145245656,97.815239
050926145249656,97.552826
050926145253656,97.275932
050926145257656,96.984634
050926145301656,96.679024
050926145305656,96.359192
050926145309656,96.025246
050926145313656,95.677277
050926145317656,95.315392
050926145321656,94.939705
050926145325656,94.550323
050926145329656,94.147377
050926145333656,93.730988
050926145337656,93.30127
050926145341656,92.858368
050926145345656,92.402405
050926145349656,91.933525
050926145353656,91.451881
050926145357656,90.957603
050926145401656,90.450851
050926145405656,89.931778
050926145409656,89.400536
050926145413656,88.8573
050926145417656,88.302223
050926145421656,87.735481
050926145425656,87.157242
050926145429656,86.567688
050926145433656,85.966988
050926145437656,85.355339
050926145441656,84.732918
050926145445656,84.099915
050926145449656,83.456528
050926145453656,82.802948
050926145457656,82.139381
050926145501656,81.466019
050926145505656,80.783073
050926145509656,80.090752
050926145513656,79.389259
050926145517656,78.678825
050926145521656,77.959648
050926145525656,77.231949
050926145529656,76.495964
050926145533656,75.751907
050926145537656,75
050926145541656,74.240479
050926145545656,73.473579
050926145549656,72.699524
050926145553656,71.918556
050926145557656,71.130913
050926145601656,70.33683
050926145605656,69.53656
050926145609656,68.730331
050926145613656,67.918396
050926145617656,67.101006
050926145621656,66.278404
050926145625656,65.450851
050926145629656,64.618584
050926145633656,63.781868
050926145637656,62.940952
050926145641656,62.096096
050926145645656,61.247551
050926145649656,60.395584
050926145653656,59.540451
050926145657656,58.682407
050926145701656,57.821724
050926145705656,56.958656
050926145709656,56.093468
050926145713656,55.226421
050926145717656,54.357788
050926145721656,53.487823
050926145725656,52.616798
050926145729656,51.744976
050926145733656,50.87262
050926145737656,50
050926145741656,49.12738
050926145745656,48.255024
050926145749656,47.383202
050926145753656,46.512177
050926145757656,45.642212
050926145801656,44.773579
050926145805656,43.906532
050926145809656,43.041344
050926145813656,42.178276
050926145817656,41.317593
050926145821656,40.459549
050926145825656,39.604416
050926145829656,38.752449
050926145833656,37.903904
050926145837656,37.059048
050926145841656,36.218132
050926145845656,35.381416
050926145849656,34.549149
050926145853656,33.721592
050926145857656,32.898994
050926145901656,32.081604
050926145905656,31.26967
050926145909656,30.463444
050926145913656,29.663168
050926145917656,28.869087
050926145921656,28.081442
050926145925656,27.300474
050926145929656,26.526423
050926145933656,25.75952
050926145937656,25
050926145941656,24.248096
050926145945656,23.504036
050926145949656,22.768047
050926145953656,22.040356
050926145957656,21.321178
050926150001656,20.610737
050926150005656,19.909248
050926150009656,19.216927
050926150013656,18.533981
050926150017656,17.860619
050926150021656,17.197048
050926150025656,16.54347
050926150029656,15.900082
050926150033656,15.267081
050926150037656,14.644661
050926150041656,14.03301
050926150045656,13.432315
050926150049656,12.842759
050926150053656,12.264521
050926150057656,11.697778
050926150101656,11.142702
050926150105656,10.599463
050926150109656,10.068225
050926150113656,9.54915
050926150117656,9.042397
050926150121656,8.548121
050926150125656,8.066472
050926150129656,7.597595
050926150133656,7.141635
LB,04088,0,T,TREND.TRACE2,050926145141296,050926150133656
TR,TREND.TRACE2,0,100,1,1,,0,0
050926145141296,50.87262
050926145145453,51.744976
050926145149453,52.616798
050926145153453,53.487823
050926145157453,54.357788
050926145201453,55.226421
050926145205453,56.093468
050926145209453,56.958656
050926145213468,57.821724
050926145217656,58.682407
050926145221656,59.540451
050926145225656,60.395584
050926145229656,61.247551
050926145233656,62.096096
050926145237656,62.940952
050926145241656,63.781868
050926145245656,64.618584
050926145249656,65.450851
050926145253656,66.278404
050926145257656,67.101006
050926145301656,67.918396
050926145305656,68.730331
050926145309656,69.53656
050926145313656,70.33683
050926145317656,71.130913
050926145321656,71.918556
050926145325656,72.699524
050926145329656,73.473579
050926145333656,74.240479
050926145337656,75
050926145341656,75.751907
050926145345656,76.495964
050926145349656,77.231949
050926145353656,77.959648
050926145357656,78.678825
050926145401656,79.389259
050926145405656,80.090752
050926145409656,80.783073
050926145413656,81.466019
050926145417656,82.139381
050926145421656,82.802948
050926145425656,83.456528
050926145429656,84.099915
050926145433656,84.732918
050926145437656,85.355339
050926145441656,85.966988
050926145445656,86.567688
050926145449656,87.157242
050926145453656,87.735481
050926145457656,88.302223
050926145501656,88.8573
050926145505656,89.400536
050926145509656,89.931778
050926145513656,90.450851
050926145517656,90.957603
050926145521656,91.451881
050926145525656,91.933525
050926145529656,92.402405
050926145533656,92.858368
050926145537656,93.30127
050926145541656,93.730988
050926145545656,94.147377
050926145549656,94.550323
050926145553656,94.939705
050926145557656,95.315392
050926145601656,95.677277
050926145605656,96.025246
050926145609656,96.359192
050926145613656,96.679024
050926145617656,96.984634
050926145621656,97.275932
050926145625656,97.552826
050926145629656,97.815239
050926145633656,98.063087
050926145637656,98.296288
050926145641656,98.514786
050926145645656,98.718506
050926145649656,98.907379
050926145653656,99.08136
050926145657656,99.240387
050926145701656,99.384415
050926145705656,99.513405
050926145709656,99.627304
050926145713656,99.726097
050926145717656,99.809738
050926145721656,99.878204
050926145725656,99.93148
050926145729656,99.969543
050926145733656,99.992386
050926145737656,100
050926145741656,99.992386
050926145745656,99.969543
050926145749656,99.93148
050926145753656,99.878204
050926145757656,99.809738
050926145801656,99.726097
050926145805656,99.627304
050926145809656,99.513405
050926145813656,99.384415
050926145817656,99.240387
050926145821656,99.08136
050926145825656,98.907379
050926145829656,98.718506
050926145833656,98.514786
050926145837656,98.296288
050926145841656,98.063087
050926145845656,97.815239
050926145849656,97.552826
050926145853656,97.275932
050926145857656,96.984634
050926145901656,96.679024
050926145905656,96.359192
050926145909656,96.025246
050926145913656,95.677277
050926145917656,95.315392
050926145921656,94.939705
050926145925656,94.550323
050926145929656,94.147377
050926145933656,93.730988
050926145937656,93.30127
050926145941656,92.858368
050926145945656,92.402405
050926145949656,91.933525
050926145953656,91.451881
050926145957656,90.957603
050926150001656,90.450851
050926150005656,89.931778
050926150009656,89.400536
050926150013656,88.8573
050926150017656,88.302223
050926150021656,87.735481
050926150025656,87.157242
050926150029656,86.567688
050926150033656,85.966988
050926150037656,85.355339
050926150041656,84.732918
050926150045656,84.099915
050926150049656,83.456528
050926150053656,82.802948
050926150057656,82.139381
050926150101656,81.466019
050926150105656,80.783073
050926150109656,80.090752
050926150113656,79.389259
050926150117656,78.678825
050926150121656,77.959648
050926150125656,77.231949
050926150129656,76.495964
050926150133656,75.751907
LB,01399,0,T,TREND.TRACE1,050926150137656,050926150454812
TR,TREND.TRACE1,0,100,1,1,,0,0
050926150137656,6.69873
050926150141656,6.269015
050926150145656,5.85262
050926150149656,5.449674
050926150153656,5.060297
050926150157656,4.684611
050926150201656,4.322727
050926150205656,3.974757
050926150209656,3.640807
050926150213656,3.320979
050926150217656,3.015369
050926150221656,2.724071
050926150225656,2.447174
050926150229656,2.184762
050926150233656,1.936915
050926150237656,1.703709
050926150241656,1.485214
050926150245656,1.281497
050926150249656,1.09262
050926150253656,0.918641
050926150257656,0.759612
050926150301656,0.615583
050926150305656,0.486597
050926150309656,0.372692
050926150313656,0.273905
050926150317656,0.190265
050926150321656,0.121797
050926150325656,0.068523
050926150329656,0.030459
050926150333656,0.007615
050926150337656,0
050926150341656,0.007615
050926150345656,0.030459
050926150349656,0.068523
050926150353656,0.121797
050926150357656,0.190265
050926150401656,0.273905
050926150405656,0.372692
050926150409656,0.486597
050926150413656,0.615583
050926150417656,0.759612
050926150421656,0.918641
050926150425656,1.09262
050926150429656,1.281497
050926150433656,1.485214
050926150437656,1.703709
050926150441656,1.936915
050926150445656,2.184762
050926150449656,2.447174
050926150453656,2.724071
050926150454812,?
LB,01442,0,T,TREND.TRACE2,050926150137656,050926150454921
TR,TREND.TRACE2,0,100,1,1,,0,0
050926150137656,75
050926150141656,74.240479
050926150145656,73.473579
050926150149656,72.699524
050926150153656,71.918556
050926150157656,71.130913
050926150201656,70.33683
050926150205656,69.53656
050926150209656,68.730331
050926150213656,67.918396
050926150217656,67.101006
050926150221656,66.278404
050926150225656,65.450851
050926150229656,64.618584
050926150233656,63.781868
050926150237656,62.940952
050926150241656,62.096096
050926150245656,61.247551
050926150249656,60.395584
050926150253656,59.540451
050926150257656,58.682407
050926150301656,57.821724
050926150305656,56.958656
050926150309656,56.093468
050926150313656,55.226421
050926150317656,54.357788
050926150321656,53.487823
050926150325656,52.616798
050926150329656,51.744976
050926150333656,50.87262
050926150337656,50
050926150341656,49.12738
050926150345656,48.255024
050926150349656,47.383202
050926150353656,46.512177
050926150357656,45.642212
050926150401656,44.773579
050926150405656,43.906532
050926150409656,43.041344
050926150413656,42.178276
050926150417656,41.317593
050926150421656,40.459549
050926150425656,39.604416
050926150429656,38.752449
050926150433656,37.903904
050926150437656,37.059048
050926150441656,36.218132
050926150445656,35.381416
050926150449656,34.549149
050926150453656,33.721592
050926150454921,?
LB,03870,0,T,TREND.TRACE3,050926145141296,050926150455015
TR,TREND.TRACE3,0,100,1,1,,0,0
050926145141296,57
050926145145453,54
050926145149453,51
050926145153453,53
050926145157453,55
050926145201453,48
050926145205453,45
050926145209453,60
050926145213468,44
050926145217656,41
050926145221656,55
050926145225656,43
050926145229656,58
050926145233656,57
050926145237656,59
050926145241656,49
050926145245656,41
050926145249656,43
050926145253656,50
050926145257656,58
050926145301656,53
050926145305656,43
050926145309656,57
050926145313656,59
050926145317656,50
050926145321656,45
050926145325656,55
050926145329656,50
050926145333656,44
050926145337656,42
050926145341656,44
050926145345656,48
050926145349656,44
050926145353656,51
050926145401656,58
050926145405656,48
050926145413656,50
050926145417656,54
050926145421656,59
050926145425656,54
050926145429656,45
050926145433656,55
050926145437656,50
050926145441656,57
050926145445656,43
050926145449656,44
050926145453656,45
050926145457656,48
050926145501656,44
050926145505656,50
050926145509656,58
050926145513656,59
050926145517656,60
050926145521656,44
050926145525656,59
050926145529656,56
050926145533656,51
050926145537656,46
050926145541656,58
050926145545656,51
050926145549656,46
050926145553656,52
050926145557656,59
050926145601656,44
050926145605656,53
050926145613656,50
050926145617656,58
050926145621656,55
050926145625656,49
050926145629656,50
050926145633656,57
050926145637656,41
050926145641656,58
050926145645656,51
050926145649656,54
050926145653656,55
050926145657656,56
050926145701656,57
050926145705656,40
050926145709656,42
050926145713656,57
050926145717656,42
050926145721656,44
050926145725656,48
050926145729656,57
050926145733656,55
050926145737656,57
050926145741656,49
050926145745656,42
050926145749656,53
050926145753656,51
050926145805656,58
050926145809656,46
050926145813656,53
050926145817656,43
050926145821656,51
050926145825656,56
050926145833656,44
050926145837656,48
050926145841656,53
050926145845656,46
050926145849656,53
050926145853656,59
050926145857656,58
050926145901656,60
050926145905656,56
050926145909656,57
050926145913656,42
050926145917656,54
050926145921656,49
050926145925656,56
050926145929656,44
050926145933656,42
050926145937656,50
050926145941656,57
050926145945656,44
050926145949656,50
050926145953656,53
050926145957656,40
050926150001656,53
050926150005656,55
050926150009656,53
050926150013656,58
050926150017656,57
050926150021656,50
050926150025656,60
050926150029656,42
050926150033656,56
050926150037656,46
050926150041656,53
050926150045656,50
050926150049656,43
050926150053656,54
050926150057656,46
050926150101656,50
050926150105656,40
050926150109656,57
050926150113656,60
050926150117656,49
050926150121656,51
050926150125656,48
050926150129656,52
050926150133656,53
050926150137656,52
050926150141656,49
050926150145656,60
050926150149656,40
050926150153656,48
050926150157656,53
050926150201656,42
050926150209656,56
050926150213656,53
050926150217656,51
050926150221656,47
050926150225656,45
050926150229656,55
050926150233656,41
050926150237656,60
050926150241656,59
050926150245656,56
050926150249656,53
050926150253656,48
050926150257656,58
050926150301656,43
050926150305656,54
050926150309656,43
050926150317656,57
050926150321656,47
050926150329656,58
050926150333656,46
050926150337656,49
050926150341656,53
050926150345656,51
050926150349656,55
050926150353656,50
050926150357656,55
050926150401656,46
050926150405656,48
050926150409656,59
050926150413656,57
050926150421656,40
050926150425656,46
050926150429656,43
050926150433656,48
050926150437656,50
050926150441656,45
050926150449656,60
050926150453656,47
050926150455015,?
LB,04073,0,T,TREND.TRACE4,050926145141296,050926150455140
TR,TREND.TRACE4,0,100,1,1,,0,0
050926145141296,1
050926145145453,2
050926145149453,3
050926145153453,4
050926145157453,5
050926145201453,6
050926145205453,7
050926145209453,8
050926145213468,9
050926145217656,10
050926145221656,11
050926145225656,12
050926145229656,13
050926145233656,14
050926145237656,15
050926145241656,16
050926145245656,17
050926145249656,18
050926145253656,19
050926145257656,20
050926145301656,21
050926145305656,22
050926145309656,23
050926145313656,24
050926145317656,25
050926145321656,26
050926145325656,27
050926145329656,28
050926145333656,29
050926145337656,30
050926145341656,31
050926145345656,32
050926145349656,33
050926145353656,34
050926145357656,35
050926145401656,36
050926145405656,37
050926145409656,38
050926145413656,39
050926145417656,40
050926145421656,41
050926145425656,42
050926145429656,43
050926145433656,44
050926145437656,45
050926145441656,46
050926145445656,47
050926145449656,48
050926145453656,49
050926145457656,50
050926145501656,51
050926145505656,52
050926145509656,53
050926145513656,54
050926145517656,55
050926145521656,56
050926145525656,57
050926145529656,58
050926145533656,59
050926145537656,60
050926145541656,61
050926145545656,62
050926145549656,63
050926145553656,64
050926145557656,65
050926145601656,66
050926145605656,67
050926145609656,68
050926145613656,69
050926145617656,70
050926145621656,71
050926145625656,72
050926145629656,73
050926145633656,74
050926145637656,75
050926145641656,76
050926145645656,77
050926145649656,78
050926145653656,79
050926145657656,80
050926145701656,81
050926145705656,82
050926145709656,83
050926145713656,84
050926145717656,85
050926145721656,86
050926145725656,87
050926145729656,88
050926145733656,89
050926145737656,90
050926145741656,91
050926145745656,92
050926145749656,93
050926145753656,94
050926145757656,95
050926145801656,96
050926145805656,97
050926145809656,98
050926145813656,99
050926145817656,100
050926145821656,99
050926145825656,98
050926145829656,97
050926145833656,96
050926145837656,95
050926145841656,94
050926145845656,93
050926145849656,92
050926145853656,91
050926145857656,90
050926145901656,89
050926145905656,88
050926145909656,87
050926145913656,86
050926145917656,85
050926145921656,84
050926145925656,83
050926145929656,82
050926145933656,81
050926145937656,80
050926145941656,79
050926145945656,78
050926145949656,77
050926145953656,76
050926145957656,75
050926150001656,74
050926150005656,73
050926150009656,72
050926150013656,71
050926150017656,70
050926150021656,69
050926150025656,68
050926150029656,67
050926150033656,66
050926150037656,65
050926150041656,64
050926150045656,63
050926150049656,62
050926150053656,61
050926150057656,60
050926150101656,59
050926150105656,58
050926150109656,57
050926150113656,56
050926150117656,55
050926150121656,54
050926150125656,53
050926150129656,52
050926150133656,51
050926150137656,50
050926150141656,49
050926150145656,48
050926150149656,47
050926150153656,46
050926150157656,45
050926150201656,44
050926150205656,43
050926150209656,42
050926150213656,41
050926150217656,40
050926150221656,39
050926150225656,38
050926150229656,37
050926150233656,36
050926150237656,35
050926150241656,34
050926150245656,33
050926150249656,32
050926150253656,31
050926150257656,30
050926150301656,29
050926150305656,28
050926150309656,27
050926150313656,26
050926150317656,25
050926150321656,24
050926150325656,23
050926150329656,22
050926150333656,21
050926150337656,20
050926150341656,19
050926150345656,18
050926150349656,17
050926150353656,16
050926150357656,15
050926150401656,14
050926150405656,13
050926150409656,12
050926150413656,11
050926150417656,10
050926150421656,9
050926150425656,8
050926150429656,7
050926150433656,6
050926150437656,5
050926150441656,4
050926150445656,3
050926150449656,2
050926150453656,1
050926150455140,?
LB,04073,0,T,TREND.TRACE1,051017162338913,051017163352285
TR,TREND.TRACE1,0,100,1,1,,0,0
051017162338913,99.992386
051017162344511,99.969543
051017162348687,99.93148
051017162352883,99.878204
051017162356889,99.809738
051017162401115,99.726097
051017162405291,99.627304
051017162409487,99.513405
051017162413683,99.384415
051017162417689,99.240387
051017162421885,99.08136
051017162425891,98.907379
051017162430087,98.718506
051017162434283,98.514786
051017162438289,98.296288
051017162442485,98.063087
051017162446490,97.815239
051017162450686,97.552826
051017162454692,97.275932
051017162458888,96.984634
051017162503084,96.679024
051017162507090,96.359192
051017162511286,96.025246
051017162515292,95.677277
051017162519488,95.315392
051017162523684,94.939705
051017162527690,94.550323
051017162531886,94.147377
051017162535891,93.730988
051017162540088,93.30127
051017162544284,92.858368
051017162548289,92.402405
051017162552485,91.933525
051017162556491,91.451881
051017162600687,90.957603
051017162604883,90.450851
051017162608889,89.931778
051017162613085,89.400536
051017162617091,88.8573
051017162621287,88.302223
051017162625483,87.735481
051017162629489,87.157242
051017162633685,86.567688
051017162637690,85.966988
051017162641886,85.355339
051017162645892,84.732918
051017162650088,84.099915
051017162654284,83.456528
051017162658290,82.802948
051017162702486,82.139381
051017162706492,81.466019
051017162710688,80.783073
051017162714884,80.090752
051017162718890,79.389259
051017162723086,78.678825
051017162727091,77.959648
051017162731287,77.231949
051017162735483,76.495964
051017162740491,75.751907
051017162744687,75
051017162748692,74.240479
051017162752888,73.473579
051017162757084,72.699524
051017162801090,71.918556
051017162805286,71.130913
051017162809292,70.33683
051017162813488,69.53656
051017162817684,68.730331
051017162821690,67.918396
051017162825736,67.101006
051017162829892,66.278404
051017162834088,65.450851
051017162838284,64.618584
051017162842289,63.781868
051017162846486,62.940952
051017162850491,62.096096
051017162854687,61.247551
051017162858883,60.395584
051017162902889,59.540451
051017162907085,58.682407
051017162911091,57.821724
051017162915287,56.958656
051017162919483,56.093468
051017162923489,55.226421
051017162927685,54.357788
051017162931691,53.487823
051017162935887,52.616798
051017162939892,51.744976
051017162944088,50.87262
051017162948284,50
051017162952290,49.12738
051017162956486,48.255024
051017163000492,47.383202
051017163004648,46.512177
051017163008684,45.642212
051017163012689,44.773579
051017163016886,43.906532
051017163020891,43.041344
051017163025087,42.178276
051017163029283,41.317593
051017163033289,40.459549
051017163037485,39.604416
051017163041491,38.752449
051017163045687,37.903904
051017163049883,37.059048
051017163053889,36.218132
051017163058085,35.381416
051017163102091,34.549149
051017163106287,33.721592
051017163110292,32.898994
051017163114488,32.081604
051017163118764,31.26967
051017163122971,30.463444
051017163127086,29.663168
051017163131092,28.869087
051017163135288,28.081442
051017163139484,27.300474
051017163143490,26.526423
051017163147686,25.75952
051017163151692,25
051017163155888,24.248096
051017163200084,23.504036
051017163204090,22.768047
051017163208286,22.040356
051017163212291,21.321178
051017163216488,20.610737
051017163220684,19.909248
051017163224689,19.216927
051017163228885,18.533981
051017163232891,17.860619
051017163237087,17.197048
051017163241283,16.54347
051017163245309,15.900082
051017163249485,15.267081
051017163253491,14.644661
051017163258087,14.03301
051017163302884,13.432315
051017163306890,12.842759
051017163311086,12.264521
051017163315092,11.697778
051017163319288,11.142702
051017163323484,10.599463
051017163327490,10.068225
051017163331656,9.54915
051017163335691,9.042397
051017163339887,8.548121
051017163344083,8.066472
051017163348089,7.597595
051017163352285,7.141635
LB,04088,0,T,TREND.TRACE2,051017162338913,051017163352285
TR,TREND.TRACE2,0,100,1,1,,0,0
051017162338913,50.87262
051017162344511,51.744976
051017162348687,52.616798
051017162352883,53.487823
051017162356889,54.357788
051017162401115,55.226421
051017162405291,56.093468
051017162409487,56.958656
051017162413683,57.821724
051017162417689,58.682407
051017162421885,59.540451
051017162425891,60.395584
051017162430087,61.247551
051017162434283,62.096096
051017162438289,62.940952
051017162442485,63.781868
051017162446490,64.618584
051017162450686,65.450851
051017162454692,66.278404
051017162458888,67.101006
051017162503084,67.918396
051017162507090,68.730331
051017162511286,69.53656
051017162515292,70.33683
051017162519488,71.130913
051017162523684,71.918556
051017162527690,72.699524
051017162531886,73.473579
051017162535891,74.240479
051017162540088,75
051017162544284,75.751907
051017162548289,76.495964
051017162552485,77.231949
051017162556491,77.959648
051017162600687,78.678825
051017162604883,79.389259
051017162608889,80.090752
051017162613085,80.783073
051017162617091,81.466019
051017162621287,82.139381
051017162625483,82.802948
051017162629489,83.456528
051017162633685,84.099915
051017162637690,84.732918
051017162641886,85.355339
051017162645892,85.966988
051017162650088,86.567688
051017162654284,87.157242
051017162658290,87.735481
051017162702486,88.302223
051017162706492,88.8573
051017162710688,89.400536
051017162714884,89.931778
051017162718890,90.450851
051017162723086,90.957603
051017162727091,91.451881
051017162731287,91.933525
051017162735483,92.402405
051017162740491,92.858368
051017162744687,93.30127
051017162748692,93.730988
051017162752888,94.147377
051017162757084,94.550323
051017162801090,94.939705
051017162805286,95.315392
051017162809292,95.677277
051017162813498,96.025246
051017162817684,96.359192
051017162821690,96.679024
051017162825746,96.984634
051017162829892,97.275932
051017162834088,97.552826
051017162838284,97.815239
051017162842289,98.063087
051017162846486,98.296288
051017162850491,98.514786
051017162854687,98.718506
051017162858883,98.907379
051017162902889,99.08136
051017162907085,99.240387
051017162911091,99.384415
051017162915287,99.513405
051017162919483,99.627304
051017162923489,99.726097
051017162927685,99.809738
051017162931691,99.878204
051017162935887,99.93148
051017162939892,99.969543
051017162944088,99.992386
051017162948284,100
051017162952290,99.992386
051017162956486,99.969543
051017163000492,99.93148
051017163004648,99.878204
051017163008684,99.809738
051017163012689,99.726097
051017163016886,99.627304
051017163020891,99.513405
051017163025087,99.384415
051017163029283,99.240387
051017163033289,99.08136
051017163037485,98.907379
051017163041491,98.718506
051017163045687,98.514786
051017163049883,98.296288
051017163053889,98.063087
051017163058085,97.815239
051017163102091,97.552826
051017163106287,97.275932
051017163110292,96.984634
051017163114488,96.679024
051017163118775,96.359192
051017163122971,96.025246
051017163127086,95.677277
051017163131092,95.315392
051017163135288,94.939705
051017163139484,94.550323
051017163143490,94.147377
051017163147686,93.730988
051017163151692,93.30127
051017163155888,92.858368
051017163200084,92.402405
051017163204090,91.933525
051017163208286,91.451881
051017163212291,90.957603
051017163216488,90.450851
051017163220684,89.931778
051017163224689,89.400536
051017163228885,88.8573
051017163232891,88.302223
051017163237087,87.735481
051017163241283,87.157242
051017163245319,86.567688
051017163249485,85.966988
051017163253491,85.355339
051017163258087,84.732918
051017163302884,84.099915
051017163306890,83.456528
051017163311086,82.802948
051017163315092,82.139381
051017163319288,81.466019
051017163323484,80.783073
051017163327490,80.090752
051017163331666,79.389259
051017163335701,78.678825
051017163339887,77.959648
051017163344083,77.231949
051017163348089,76.495964
051017163352285,75.751907
LB,00679,0,T,TREND.TRACE1,051017163356291,051017163529165
TR,TREND.TRACE1,0,100,1,1,,0,0
051017163356291,6.69873
051017163400487,6.269015
051017163404683,5.85262
051017163408689,5.449674
051017163412885,5.060297
051017163416891,4.684611
051017163421087,4.322727
051017163425092,3.974757
051017163429288,3.640807
051017163433484,3.320979
051017163437490,3.015369
051017163441686,2.724071
051017163446734,2.447174
051017163451691,2.184762
051017163455887,1.936915
051017163459892,1.703709
051017163504088,1.485214
051017163508285,1.281497
051017163512290,1.09262
051017163516486,0.918641
051017163520492,0.759612
051017163524778,0.615583
051017163529165,?
LB,00695,0,T,TREND.TRACE2,051017163356291,051017163529375
TR,TREND.TRACE2,0,100,1,1,,0,0
051017163356291,75
051017163400487,74.240479
051017163404683,73.473579
051017163408689,72.699524
051017163412885,71.918556
051017163416891,71.130913
051017163421087,70.33683
051017163425092,69.53656
051017163429288,68.730331
051017163433484,67.918396
051017163437490,67.101006
051017163441686,66.278404
051017163446734,65.450851
051017163451691,64.618584
051017163455887,63.781868
051017163459892,62.940952
051017163504088,62.096096
051017163508285,61.247551
051017163512290,60.395584
051017163516486,59.540451
051017163520492,58.682407
051017163524778,57.821724
051017163529375,?
LB,03470,0,T,TREND.TRACE3,051017162338933,051017163529455
TR,TREND.TRACE3,0,100,1,1,,0,0
051017162338933,40
051017162344511,58
051017162348687,53
051017162352883,50
051017162356889,44
051017162401115,60
051017162405291,54
051017162409487,46
051017162413683,60
051017162417689,46
051017162421885,52
051017162425891,40
051017162430087,53
051017162434283,56
051017162438289,46
051017162442485,41
051017162446490,59
051017162450686,52
051017162454692,49
051017162458888,46
051017162503084,51
051017162507090,59
051017162511286,54
051017162515292,58
051017162519488,57
051017162523684,49
051017162527690,59
051017162531886,41
051017162535891,59
051017162540088,52
051017162544284,55
051017162552485,54
051017162556491,43
051017162600687,40
051017162604883,48
051017162608889,57
051017162613085,58
051017162617091,55
051017162621287,51
051017162625483,50
051017162629489,43
051017162633685,56
051017162637690,60
051017162641886,47
051017162645892,52
051017162654284,43
051017162658290,53
051017162702486,43
051017162706492,53
051017162710688,41
051017162714884,48
051017162718890,49
051017162723086,47
051017162727091,54
051017162731287,40
051017162735483,56
051017162740491,59
051017162744687,55
051017162748692,60
051017162752888,49
051017162757084,51
051017162801090,53
051017162805286,54
051017162813498,43
051017162817684,45
051017162821690,51
051017162825746,42
051017162829892,41
051017162834088,45
051017162838284,46
051017162842289,47
051017162846486,44
051017162850491,45
051017162854687,41
051017162858883,54
051017162902889,40
051017162907085,57
051017162911091,42
051017162915287,41
051017162919483,50
051017162923489,54
051017162927685,48
051017162931691,44
051017162935887,41
051017162939892,48
051017162944088,55
051017162948284,49
051017162952290,58
051017162956486,51
051017163000492,49
051017163004648,47
051017163008684,43
051017163012689,44
051017163016886,59
051017163020891,56
051017163025087,42
051017163029283,54
051017163033289,46
051017163037485,56
051017163041491,44
051017163045687,40
051017163049883,54
051017163053889,41
051017163058085,53
051017163102091,60
051017163106287,54
051017163110292,55
051017163114488,47
051017163118775,42
051017163122971,60
051017163127086,55
051017163131092,58
051017163135288,45
051017163139484,48
051017163143490,57
051017163147686,50
051017163151692,55
051017163155888,44
051017163200084,48
051017163204090,51
051017163208286,53
051017163212291,42
051017163216488,47
051017163220684,48
051017163224689,45
051017163228885,46
051017163232891,55
051017163237087,57
051017163241283,40
051017163245319,51
051017163249485,47
051017163253491,40
051017163258087,46
051017163302884,44
051017163306890,46
051017163311086,47
051017163315092,54
051017163319288,42
051017163323484,52
051017163327490,49
051017163331686,56
051017163335711,47
051017163339887,53
051017163344083,52
051017163348089,44
051017163352285,42
051017163356291,55
051017163400487,58
051017163404683,55
051017163408689,42
051017163412885,49
051017163416891,57
051017163421087,40
051017163425092,43
051017163429288,53
051017163433484,59
051017163437490,43
051017163441686,46
051017163446744,56
051017163451691,43
051017163455887,54
051017163459892,42
051017163504088,41
051017163508285,58
051017163512290,53
051017163516486,54
051017163520492,53
051017163524788,43
051017163529455,?
LB,03522,0,T,TREND.TRACE4,051017162338933,051017163529585
TR,TREND.TRACE4,0,100,1,1,,0,0
051017162338933,1
051017162344521,2
051017162348687,3
051017162352883,4
051017162356889,5
051017162401115,6
051017162405291,7
051017162409487,8
051017162413683,9
051017162417689,10
051017162421885,11
051017162425891,12
051017162430087,13
051017162434283,14
051017162438289,15
051017162442485,16
051017162446490,17
051017162450686,18
051017162454692,19
051017162458888,20
051017162503084,21
051017162507090,22
051017162511286,23
051017162515292,24
051017162519488,25
051017162523684,26
051017162527690,27
051017162531886,28
051017162535891,29
051017162540088,30
051017162544284,31
051017162548289,32
051017162552485,33
051017162556491,34
051017162600687,35
051017162604883,36
051017162608889,37
051017162613085,38
051017162617091,39
051017162621287,40
051017162625483,41
051017162629489,42
051017162633685,43
051017162637690,44
051017162641886,45
051017162645892,46
051017162650088,47
051017162654284,48
051017162658290,49
051017162702486,50
051017162706492,51
051017162710688,52
051017162714884,53
051017162718890,54
051017162723086,55
051017162727091,56
051017162731287,57
051017162735483,58
051017162740491,59
051017162744687,60
051017162748692,61
051017162752888,62
051017162757084,63
051017162801090,64
051017162805286,65
051017162809292,66
051017162813498,67
051017162817684,68
051017162821690,69
051017162825746,70
051017162829892,71
051017162834088,72
051017162838294,73
051017162842289,74
051017162846486,75
051017162850491,76
051017162854687,77
051017162858883,78
051017162902889,79
051017162907085,80
051017162911091,81
051017162915287,82
051017162919483,83
051017162923489,84
051017162927685,85
051017162931691,86
051017162935887,87
051017162939892,88
051017162944088,89
051017162948284,90
051017162952290,91
051017162956486,92
051017163000492,93
051017163004648,94
051017163008684,95
051017163012689,96
051017163016886,97
051017163020891,98
051017163025087,99
051017163029283,100
051017163033289,99
051017163037485,98
051017163041491,97
051017163045687,96
051017163049883,95
051017163053889,94
051017163058085,93
051017163102091,92
051017163106287,91
051017163110292,90
051017163114488,89
051017163118785,88
051017163122971,87
051017163127086,86
051017163131092,85
051017163135288,84
051017163139484,83
051017163143490,82
051017163147686,81
051017163151692,80
051017163155888,79
051017163200084,78
051017163204100,77
051017163208286,76
051017163212291,75
051017163216488,74
051017163220684,73
051017163224689,72
051017163228885,71
051017163232891,70
051017163237087,69
051017163241283,68
051017163245319,67
051017163249485,66
051017163253491,65
051017163258087,64
051017163302884,63
051017163306890,62
051017163311086,61
051017163315092,60
051017163319288,59
051017163323484,58
051017163327490,57
051017163331816,56
051017163335711,55
051017163339887,54
051017163344083,53
051017163348089,52
051017163352285,51
051017163356291,50
051017163400487,49
051017163404683,48
051017163408689,47
051017163412885,46
051017163416891,45
051017163421087,44
051017163425092,43
051017163429288,42
051017163433484,41
051017163437490,40
051017163441686,39
051017163446744,38
051017163451691,37
051017163455887,36
051017163459892,35
051017163504088,34
051017163508285,33
051017163512290,32
051017163516486,31
051017163520492,30
051017163524788,29
051017163529585,?
LB,03084,0,T,TREND.TRACE1,051209143738000,051209144501406
TR,TREND.TRACE1,0,100,1,1,,0,0
051209143738000,99.992386
051209143742156,99.969543
051209143746156,99.93148
051209143750156,99.878204
051209143754156,99.809738
051209143758156,99.726097
051209143802156,99.627304
051209143806156,99.513405
051209143810156,99.384415
051209143814156,99.240387
051209143818156,99.08136
051209143822156,98.907379
051209143826156,98.718506
051209143830156,98.514786
051209143834156,98.296288
051209143838156,98.063087
051209143842156,97.815239
051209143846156,97.552826
051209143850156,97.275932
051209143854156,96.984634
051209143858156,96.679024
051209143902156,96.359192
051209143906156,96.025246
051209143910156,95.677277
051209143914156,95.315392
051209143918156,94.939705
051209143922156,94.550323
051209143926156,94.147377
051209143930156,93.730988
051209143934156,93.30127
051209143938156,92.858368
051209143942156,92.402405
051209143946156,91.933525
051209143950156,91.451881
051209143954156,90.957603
051209143958156,90.450851
051209144002156,89.931778
051209144006156,89.400536
051209144010156,88.8573
051209144014156,88.302223
051209144018156,87.735481
051209144022156,87.157242
051209144026156,86.567688
051209144030156,85.966988
051209144034156,85.355339
051209144038156,84.732918
051209144042156,84.099915
051209144046156,83.456528
051209144050156,82.802948
051209144054156,82.139381
051209144058156,81.466019
051209144102156,80.783073
051209144106156,80.090752
051209144110156,79.389259
051209144114156,78.678825
051209144118156,77.959648
051209144122156,77.231949
051209144126156,76.495964
051209144130156,75.751907
051209144134156,75
051209144138156,74.240479
051209144142156,73.473579
051209144146156,72.699524
051209144150156,71.918556
051209144154156,71.130913
051209144158156,70.33683
051209144202156,69.53656
051209144206156,68.730331
051209144210156,67.918396
051209144214156,67.101006
051209144218156,66.278404
051209144222156,65.450851
051209144226156,64.618584
051209144230156,63.781868
051209144234156,62.940952
051209144238156,62.096096
051209144242156,61.247551
051209144246156,60.395584
051209144250156,59.540451
051209144254156,58.682407
051209144258156,57.821724
051209144302156,56.958656
051209144306156,56.093468
051209144310156,55.226421
051209144314156,54.357788
051209144318156,53.487823
051209144322156,52.616798
051209144326156,51.744976
051209144330156,50.87262
051209144334156,50
051209144338156,49.12738
051209144342156,48.255024
051209144346156,47.383202
051209144350156,46.512177
051209144354156,45.642212
051209144358156,44.773579
051209144402156,43.906532
051209144406156,43.041344
051209144410156,42.178276
051209144414156,41.317593
051209144418156,40.459549
051209144422156,39.604416
051209144426156,38.752449
051209144430156,37.903904
051209144434156,37.059048
051209144438156,36.218132
051209144442156,35.381416
051209144446156,34.549149
051209144450156,33.721592
051209144455171,32.898994
051209144459359,32.081604
051209144501406,?
LB,03084,0,T,TREND.TRACE2,051209143738000,051209144501515
TR,TREND.TRACE2,0,100,1,1,,0,0
051209143738000,50.87262
051209143742156,51.744976
051209143746156,52.616798
051209143750156,53.487823
051209143754156,54.357788
051209143758156,55.226421
051209143802156,56.093468
051209143806156,56.958656
051209143810156,57.821724
051209143814156,58.682407
051209143818156,59.540451
051209143822156,60.395584
051209143826156,61.247551
051209143830156,62.096096
051209143834156,62.940952
051209143838156,63.781868
051209143842156,64.618584
051209143846156,65.450851
051209143850156,66.278404
051209143854156,67.101006
051209143858156,67.918396
051209143902156,68.730331
051209143906156,69.53656
051209143910156,70.33683
051209143914156,71.130913
051209143918156,71.918556
051209143922156,72.699524
051209143926156,73.473579
051209143930156,74.240479
051209143934156,75
051209143938156,75.751907
051209143942156,76.495964
051209143946156,77.231949
051209143950156,77.959648
051209143954156,78.678825
051209143958156,79.389259
051209144002156,80.090752
051209144006156,80.783073
051209144010156,81.466019
051209144014156,82.139381
051209144018156,82.802948
051209144022156,83.456528
051209144026156,84.099915
051209144030156,84.732918
051209144034156,85.355339
051209144038156,85.966988
051209144042156,86.567688
051209144046156,87.157242
051209144050156,87.735481
051209144054156,88.302223
051209144058156,88.8573
051209144102156,89.400536
051209144106156,89.931778
051209144110156,90.450851
051209144114156,90.957603
051209144118156,91.451881
051209144122156,91.933525
051209144126156,92.402405
051209144130156,92.858368
051209144134156,93.30127
051209144138156,93.730988
051209144142156,94.147377
051209144146156,94.550323
051209144150156,94.939705
051209144154156,95.315392
051209144158156,95.677277
051209144202156,96.025246
051209144206156,96.359192
051209144210156,96.679024
051209144214156,96.984634
051209144218156,97.275932
051209144222156,97.552826
051209144226156,97.815239
051209144230156,98.063087
051209144234156,98.296288
051209144238156,98.514786
051209144242156,98.718506
051209144246156,98.907379
051209144250156,99.08136
051209144254156,99.240387
051209144258156,99.384415
051209144302156,99.513405
051209144306156,99.627304
051209144310156,99.726097
051209144314156,99.809738
051209144318156,99.878204
051209144322156,99.93148
051209144326156,99.969543
051209144330156,99.992386
051209144334156,100
051209144338156,99.992386
051209144342156,99.969543
051209144346156,99.93148
051209144350156,99.878204
051209144354156,99.809738
051209144358156,99.726097
051209144402156,99.627304
051209144406156,99.513405
051209144410156,99.384415
051209144414156,99.240387
051209144418156,99.08136
051209144422156,98.907379
051209144426156,98.718506
051209144430156,98.514786
051209144434156,98.296288
051209144438156,98.063087
051209144442156,97.815239
051209144446156,97.552826
051209144450156,97.275932
051209144455171,96.984634
051209144459359,96.679024
051209144501515,?
LB,02270,0,T,TREND.TRACE3,051209143738000,051209144501656
TR,TREND.TRACE3,0,100,1,1,,0,0
051209143738000,57
051209143742156,51
051209143746156,47
051209143750156,52
051209143754156,41
051209143758156,59
051209143802156,49
051209143806156,47
051209143810156,44
051209143814156,49
051209143818156,44
051209143822156,49
051209143830156,58
051209143834156,43
051209143838156,48
051209143842156,55
051209143846156,48
051209143850156,46
051209143854156,57
051209143858156,42
051209143902156,53
051209143906156,49
051209143910156,51
051209143914156,43
051209143918156,50
051209143922156,43
051209143926156,58
051209143930156,60
051209143934156,49
051209143938156,40
051209143942156,59
051209143946156,57
051209143950156,40
051209143954156,41
051209143958156,45
051209144002156,49
051209144006156,41
051209144010156,46
051209144014156,51
051209144018156,54
051209144022156,47
051209144026156,59
051209144030156,57
051209144034156,40
051209144038156,54
051209144042156,53
051209144046156,45
051209144050156,58
051209144054156,43
051209144058156,56
051209144102156,60
051209144106156,42
051209144110156,48
051209144114156,42
051209144118156,52
051209144122156,60
051209144126156,58
051209144130156,59
051209144134156,44
051209144138156,57
051209144142156,55
051209144146156,59
051209144150156,42
051209144154156,40
051209144158156,50
051209144202156,40
051209144206156,51
051209144210156,55
051209144214156,41
051209144218156,47
051209144222156,50
051209144226156,58
051209144230156,47
051209144234156,45
051209144238156,44
051209144242156,50
051209144246156,58
051209144250156,50
051209144254156,52
051209144258156,45
051209144302156,48
051209144306156,43
051209144310156,41
051209144314156,58
051209144318156,42
051209144326156,41
051209144330156,53
051209144334156,56
051209144338156,60
051209144342156,51
051209144346156,55
051209144350156,43
051209144354156,55
051209144358156,54
051209144402156,56
051209144406156,46
051209144410156,52
051209144414156,46
051209144418156,40
051209144422156,47
051209144426156,49
051209144430156,42
051209144434156,53
051209144438156,60
051209144446156,43
051209144450156,54
051209144455171,52
051209144459359,55
051209144501656,?
LB,02322,0,T,TREND.TRACE4,051209143738000,051209144501781
TR,TREND.TRACE4,0,100,1,1,,0,0
051209143738000,1
051209143742156,2
051209143746156,3
051209143750156,4
051209143754156,5
051209143758156,6
051209143802156,7
051209143806156,8
051209143810156,9
051209143814156,10
051209143818156,11
051209143822156,12
051209143826156,13
051209143830156,14
051209143834156,15
051209143838156,16
051209143842156,17
051209143846156,18
051209143850156,19
051209143854156,20
051209143858156,21
051209143902156,22
051209143906156,23
051209143910156,24
051209143914156,25
051209143918156,26
051209143922156,27
051209143926156,28
051209143930156,29
051209143934156,30
051209143938156,31
051209143942156,32
051209143946156,33
051209143950156,34
051209143954156,35
051209143958156,36
051209144002156,37
051209144006156,38
051209144010156,39
051209144014156,40
051209144018156,41
051209144022156,42
051209144026156,43
051209144030156,44
051209144034156,45
051209144038156,46
051209144042156,47
051209144046156,48
051209144050156,49
051209144054156,50
051209144058156,51
051209144102156,52
051209144106156,53
051209144110156,54
051209144114156,55
051209144118156,56
051209144122156,57
051209144126156,58
051209144130156,59
051209144134156,60
051209144138156,61
051209144142156,62
051209144146156,63
051209144150156,64
051209144154156,65
051209144158156,66
051209144202156,67
051209144206156,68
051209144210156,69
051209144214156,70
051209144218156,71
051209144222156,72
051209144226156,73
051209144230156,74
051209144234156,75
051209144238156,76
051209144242156,77
051209144246156,78
051209144250156,79
051209144254156,80
051209144258156,81
051209144302156,82
051209144306156,83
051209144310156,84
051209144314156,85
051209144318156,86
051209144322156,87
051209144326156,88
051209144330156,89
051209144334156,90
051209144338156,91
051209144342156,92
051209144346156,93
051209144350156,94
051209144354156,95
051209144358156,96
051209144402156,97
051209144406156,98
051209144410156,99
051209144414156,100
051209144418156,99
051209144422156,98
051209144426156,97
051209144430156,96
051209144434156,95
051209144438156,94
051209144442156,93
051209144446156,92
051209144450156,91
051209144455171,90
051209144459359,89
051209144501781,?
LB,00244,0,T,TREND.TRACE1,100104043356425,100104043415921
TR,TREND.TRACE1,0,100,1,1,,0,0
100104043356425,99.992386
100104043400565,99.969543
100104043404769,99.93148
100104043408965,99.878204
100104043413162,99.809738
100104043415921,?
LB,00244,0,T,TREND.TRACE2,100104043356425,100104043416030
TR,TREND.TRACE2,0,100,1,1,,0,0
100104043356425,50.87262
100104043400565,51.744976
100104043404769,52.616798
100104043408965,53.487823
100104043413162,54.357788
100104043416030,?
LB,00210,0,T,TREND.TRACE3,100104043356425,100104043416108
TR,TREND.TRACE3,0,100,1,1,,0,0
100104043356425,45
100104043400565,47
100104043404769,41
100104043408965,50
100104043413162,45
100104043416108,?
LB,00205,0,T,TREND.TRACE4,100104043356425,100104043416170
TR,TREND.TRACE4,0,100,1,1,,0,0
100104043356425,1
100104043400565,2
100104043404769,3
100104043408965,4
100104043413162,5
100104043416170,?
LB,00190,0,T,TREND.TRACE1,100104043504839,100104043517136
TR,TREND.TRACE1,0,100,1,1,,0,0
100104043504839,99.992386
100104043508973,99.969543
100104043513165,99.93148
100104043517136,?
LB,00190,0,T,TREND.TRACE2,100104043504839,100104043517245
TR,TREND.TRACE2,0,100,1,1,,0,0
100104043504839,50.87262
100104043508973,51.744976
100104043513165,52.616798
100104043517245,?
LB,00170,0,T,TREND.TRACE3,100104043504839,100104043517323
TR,TREND.TRACE3,0,100,1,1,,0,0
100104043504839,57
100104043508973,50
100104043513165,60
100104043517323,?
LB,00167,0,T,TREND.TRACE4,100104043504839,100104043517401
TR,TREND.TRACE4,0,100,1,1,,0,0
100104043504839,1
100104043508973,2
100104043513165,3
100104043517401,?
LB,04066,0,T,TREND.TRACE1,20220309T145708.137Z,20220309T150439.202Z
TR,TREND.TRACE1,0,100,1,1,,0,0,2
20220309T145708.137Z,0,0
20220309T145713.802Z,99.992386,192
20220309T145717.896Z,99.969543,192
20220309T145721.989Z,99.93148,192
20220309T145726.034Z,99.878204,192
20220309T145730.229Z,99.809738,192
20220309T145734.388Z,99.726097,192
20220309T145738.585Z,99.627304,192
20220309T145742.700Z,99.513405,192
20220309T145746.762Z,99.384415,192
20220309T145750.793Z,99.240387,192
20220309T145754.808Z,99.08136,192
20220309T145758.862Z,98.907379,192
20220309T145803.044Z,98.718506,192
20220309T145807.205Z,98.514786,192
20220309T145811.362Z,98.296288,192
20220309T145815.534Z,98.063087,192
20220309T145819.542Z,97.815239,192
20220309T145823.556Z,97.552826,192
20220309T145827.744Z,97.275932,192
20220309T145831.900Z,96.984634,192
20220309T145835.893Z,96.679024,192
20220309T145840.008Z,96.359192,192
20220309T145844.011Z,96.025246,192
20220309T145848.071Z,95.677277,192
20220309T145852.087Z,95.315392,192
20220309T145856.128Z,94.939705,192
20220309T145900.270Z,94.550323,192
20220309T145904.477Z,94.147377,192
20220309T145908.478Z,93.730988,192
20220309T145912.502Z,93.30127,192
20220309T145916.543Z,92.858368,192
20220309T145920.534Z,92.402405,192
20220309T145924.717Z,91.933525,192
20220309T145928.895Z,91.451881,192
20220309T145932.906Z,90.957603,192
20220309T145936.958Z,90.450851,192
20220309T145941.075Z,89.931778,192
20220309T145945.097Z,89.400536,192
20220309T145949.122Z,88.8573,192
20220309T145953.119Z,88.302223,192
20220309T145957.314Z,87.735481,192
20220309T150001.355Z,87.157242,192
20220309T150005.378Z,86.567688,192
20220309T150009.410Z,85.966988,192
20220309T150013.440Z,85.355339,192
20220309T150017.563Z,84.732918,192
20220309T150021.656Z,84.099915,192
20220309T150025.721Z,83.456528,192
20220309T150029.814Z,82.802948,192
20220309T150033.979Z,82.139381,192
20220309T150038.150Z,81.466019,192
20220309T150042.155Z,80.783073,192
20220309T150046.325Z,80.090752,192
20220309T150050.391Z,79.389259,192
20220309T150054.517Z,78.678825,192
20220309T150058.522Z,77.959648,192
20220309T150102.579Z,77.231949,192
20220309T150106.755Z,76.495964,192
20220309T150110.758Z,75.751907,192
20220309T150114.797Z,75,192
20220309T150118.903Z,74.240479,192
20220309T150122.909Z,73.473579,192
20220309T150127.081Z,72.699524,192
20220309T150131.247Z,71.918556,192
20220309T150135.240Z,71.130913,192
20220309T150139.298Z,70.33683,192
20220309T150143.397Z,69.53656,192
20220309T150147.566Z,68.730331,192
20220309T150151.595Z,67.918396,192
20220309T150155.637Z,67.101006,192
20220309T150159.736Z,66.278404,192
20220309T150203.802Z,65.450851,192
20220309T150207.879Z,64.618584,192
20220309T150211.916Z,63.781868,192
20220309T150215.978Z,62.940952,192
20220309T150220.050Z,62.096096,192
20220309T150224.177Z,61.247551,192
20220309T150228.298Z,60.395584,192
20220309T150232.338Z,59.540451,192
20220309T150236.350Z,58.682407,192
20220309T150240.426Z,57.821724,192
20220309T150244.459Z,56.958656,192
20220309T150248.494Z,56.093468,192
20220309T150252.494Z,55.226421,192
20220309T150256.535Z,54.357788,192
20220309T150300.720Z,53.487823,192
20220309T150304.909Z,52.616798,192
20220309T150308.925Z,51.744976,192
20220309T150312.953Z,50.87262,192
20220309T150317.080Z,50,192
20220309T150321.209Z,49.12738,192
20220309T150325.288Z,48.255024,192
20220309T150329.363Z,47.383202,192
20220309T150333.478Z,46.512177,192
20220309T150337.515Z,45.642212,192
20220309T150341.580Z,44.773579,192
20220309T150345.687Z,43.906532,192
20220309T150349.741Z,43.041344,192
20220309T150353.859Z,42.178276,192
20220309T150358.046Z,41.317593,192
20220309T150402.068Z,40.459549,192
20220309T150406.265Z,39.604416,192
20220309T150410.384Z,38.752449,192
20220309T150414.431Z,37.903904,192
20220309T150418.602Z,37.059048,192
20220309T150422.759Z,36.218132,192
20220309T150426.941Z,35.381416,192
20220309T150430.988Z,34.549149,192
20220309T150435.018Z,33.721592,192
20220309T150439.202Z,32.898994,192
LB,04066,0,T,TREND.TRACE2,20220309T145708.137Z,20220309T150439.202Z
TR,TREND.TRACE2,0,100,1,1,,0,0,2
20220309T145708.137Z,0,0
20220309T145713.802Z,50.87262,192
20220309T145717.896Z,51.744976,192
20220309T145721.989Z,52.616798,192
20220309T145726.034Z,53.487823,192
20220309T145730.229Z,54.357788,192
20220309T145734.388Z,55.226421,192
20220309T145738.585Z,56.093468,192
20220309T145742.700Z,56.958656,192
20220309T145746.762Z,57.821724,192
20220309T145750.793Z,58.682407,192
20220309T145754.808Z,59.540451,192
20220309T145758.862Z,60.395584,192
20220309T145803.044Z,61.247551,192
20220309T145807.205Z,62.096096,192
20220309T145811.362Z,62.940952,192
20220309T145815.534Z,63.781868,192
20220309T145819.542Z,64.618584,192
20220309T145823.556Z,65.450851,192
20220309T145827.744Z,66.278404,192
20220309T145831.900Z,67.101006,192
20220309T145835.893Z,67.918396,192
20220309T145840.008Z,68.730331,192
20220309T145844.011Z,69.53656,192
20220309T145848.071Z,70.33683,192
20220309T145852.087Z,71.130913,192
20220309T145856.128Z,71.918556,192
20220309T145900.270Z,72.699524,192
20220309T145904.477Z,73.473579,192
20220309T145908.478Z,74.240479,192
20220309T145912.502Z,75,192
20220309T145916.543Z,75.751907,192
20220309T145920.534Z,76.495964,192
20220309T145924.717Z,77.231949,192
20220309T145928.895Z,77.959648,192
20220309T145932.906Z,78.678825,192
20220309T145936.958Z,79.389259,192
20220309T145941.075Z,80.090752,192
20220309T145945.097Z,80.783073,192
20220309T145949.122Z,81.466019,192
20220309T145953.119Z,82.139381,192
20220309T145957.314Z,82.802948,192
20220309T150001.355Z,83.456528,192
20220309T150005.378Z,84.099915,192
20220309T150009.410Z,84.732918,192
20220309T150013.440Z,85.355339,192
20220309T150017.563Z,85.966988,192
20220309T150021.656Z,86.567688,192
20220309T150025.721Z,87.157242,192
20220309T150029.814Z,87.735481,192
20220309T150033.979Z,88.302223,192
20220309T150038.150Z,88.8573,192
20220309T150042.155Z,89.400536,192
20220309T150046.325Z,89.931778,192
20220309T150050.391Z,90.450851,192
20220309T150054.517Z,90.957603,192
20220309T150058.522Z,91.451881,192
20220309T150102.579Z,91.933525,192
20220309T150106.755Z,92.402405,192
20220309T150110.758Z,92.858368,192
20220309T150114.797Z,93.30127,192
20220309T150118.903Z,93.730988,192
20220309T150122.909Z,94.147377,192
20220309T150127.081Z,94.550323,192
20220309T150131.247Z,94.939705,192
20220309T150135.240Z,95.315392,192
20220309T150139.298Z,95.677277,192
20220309T150143.397Z,96.025246,192
20220309T150147.566Z,96.359192,192
20220309T150151.595Z,96.679024,192
20220309T150155.637Z,96.984634,192
20220309T150159.736Z,97.275932,192
20220309T150203.802Z,97.552826,192
20220309T150207.879Z,97.815239,192
20220309T150211.916Z,98.063087,192
20220309T150215.978Z,98.296288,192
20220309T150220.050Z,98.514786,192
20220309T150224.177Z,98.718506,192
20220309T150228.298Z,98.907379,192
20220309T150232.338Z,99.08136,192
20220309T150236.350Z,99.240387,192
20220309T150240.426Z,99.384415,192
20220309T150244.459Z,99.513405,192
20220309T150248.494Z,99.627304,192
20220309T150252.494Z,99.726097,192
20220309T150256.535Z,99.809738,192
20220309T150300.720Z,99.878204,192
20220309T150304.909Z,99.93148,192
20220309T150308.925Z,99.969543,192
20220309T150312.953Z,99.992386,192
20220309T150317.080Z,100,192
20220309T150321.209Z,99.992386,192
20220309T150325.288Z,99.969543,192
20220309T150329.363Z,99.93148,192
20220309T150333.478Z,99.878204,192
20220309T150337.515Z,99.809738,192
20220309T150341.580Z,99.726097,192
20220309T150345.687Z,99.627304,192
20220309T150349.741Z,99.513405,192
20220309T150353.859Z,99.384415,192
20220309T150358.046Z,99.240387,192
20220309T150402.068Z,99.08136,192
20220309T150406.265Z,98.907379,192
20220309T150410.384Z,98.718506,192
20220309T150414.431Z,98.514786,192
20220309T150418.602Z,98.296288,192
20220309T150422.759Z,98.063087,192
20220309T150426.941Z,97.815239,192
20220309T150430.988Z,97.552826,192
20220309T150435.018Z,97.275932,192
20220309T150439.202Z,96.984634,192
LB,04073,0,T,TREND.TRACE3,20220309T145708.137Z,20220309T150625.524Z
TR,TREND.TRACE3,0,100,1,1,,0,0,2
20220309T145708.137Z,0,0
20220309T145713.802Z,42,192
20220309T145717.896Z,48,192
20220309T145721.989Z,43,192
20220309T145726.034Z,46,192
20220309T145730.229Z,50,192
20220309T145734.388Z,43,192
20220309T145738.585Z,57,192
20220309T145742.700Z,46,192
20220309T145746.762Z,43,192
20220309T145750.793Z,50,192
20220309T145754.808Z,55,192
20220309T145758.862Z,60,192
20220309T145803.044Z,46,192
20220309T145807.205Z,57,192
20220309T145811.362Z,49,192
20220309T145815.534Z,41,192
20220309T145819.542Z,51,192
20220309T145823.556Z,40,192
20220309T145827.744Z,53,192
20220309T145831.900Z,51,192
20220309T145835.893Z,51,192
20220309T145840.008Z,49,192
20220309T145844.011Z,57,192
20220309T145848.071Z,58,192
20220309T145852.087Z,42,192
20220309T145856.128Z,44,192
20220309T145900.270Z,44,192
20220309T145904.477Z,41,192
20220309T145908.478Z,41,192
20220309T145912.502Z,53,192
20220309T145916.543Z,52,192
20220309T145920.534Z,41,192
20220309T145924.717Z,60,192
20220309T145928.895Z,53,192
20220309T145932.906Z,59,192
20220309T145936.958Z,45,192
20220309T145941.075Z,52,192
20220309T145945.097Z,55,192
20220309T145949.122Z,42,192
20220309T145953.119Z,40,192
20220309T145957.314Z,42,192
20220309T150001.355Z,60,192
20220309T150005.378Z,58,192
20220309T150009.410Z,49,192
20220309T150013.440Z,53,192
20220309T150017.563Z,53,192
20220309T150021.656Z,45,192
20220309T150025.721Z,54,192
20220309T150029.814Z,48,192
20220309T150033.979Z,46,192
20220309T150038.150Z,47,192
20220309T150042.155Z,43,192
20220309T150046.325Z,40,192
20220309T150050.391Z,44,192
20220309T150054.517Z,51,192
20220309T150058.522Z,45,192
20220309T150102.579Z,55,192
20220309T150106.755Z,48,192
20220309T150110.758Z,57,192
20220309T150114.797Z,56,192
20220309T150118.903Z,50,192
20220309T150122.909Z,51,192
20220309T150127.081Z,41,192
20220309T150131.247Z,41,192
20220309T150135.240Z,53,192
20220309T150139.298Z,60,192
20220309T150143.397Z,55,192
20220309T150147.566Z,51,192
20220309T150151.595Z,51,192
20220309T150155.637Z,43,192
20220309T150159.736Z,43,192
20220309T150203.802Z,49,192
20220309T150207.879Z,54,192
20220309T150211.916Z,46,192
20220309T150215.978Z,51,192
20220309T150220.050Z,47,192
20220309T150224.177Z,55,192
20220309T150228.298Z,56,192
20220309T150232.338Z,50,192
20220309T150236.350Z,43,192
20220309T150240.426Z,47,192
20220309T150244.459Z,54,192
20220309T150248.494Z,47,192
20220309T150252.494Z,45,192
20220309T150256.535Z,41,192
20220309T150300.720Z,45,192
20220309T150304.909Z,54,192
20220309T150308.925Z,43,192
20220309T150312.953Z,54,192
20220309T150317.080Z,51,192
20220309T150321.209Z,43,192
20220309T150325.288Z,55,192
20220309T150329.363Z,42,192
20220309T150333.478Z,48,192
20220309T150337.515Z,52,192
20220309T150341.580Z,56,192
20220309T150345.687Z,51,192
20220309T150349.741Z,44,192
20220309T150353.859Z,60,192
20220309T150358.046Z,50,192
20220309T150402.068Z,50,192
20220309T150406.265Z,47,192
20220309T150410.384Z,44,192
20220309T150414.431Z,53,192
20220309T150418.602Z,47,192
20220309T150422.759Z,52,192
20220309T150426.941Z,51,192
20220309T150430.988Z,53,192
20220309T150435.018Z,48,192
20220309T150439.202Z,43,192
20220309T150443.330Z,54,192
20220309T150447.400Z,47,192
20220309T150451.399Z,53,192
20220309T150455.489Z,60,192
20220309T150459.687Z,46,192
20220309T150503.781Z,57,192
20220309T150507.914Z,42,192
20220309T150512.101Z,56,192
20220309T150516.148Z,47,192
20220309T150520.211Z,41,192
20220309T150524.204Z,45,192
20220309T150528.397Z,40,192
20220309T150532.453Z,47,192
20220309T150536.629Z,51,192
20220309T150540.710Z,60,192
20220309T150544.718Z,56,192
20220309T150548.879Z,42,192
20220309T150552.926Z,46,192
20220309T150556.947Z,44,192
20220309T150601.036Z,41,192
20220309T150605.222Z,59,192
20220309T150609.422Z,56,192
20220309T150613.412Z,53,192
20220309T150617.413Z,60,192
20220309T150621.515Z,51,192
20220309T150625.524Z,51,192
LB,04094,0,T,TREND.TRACE4,20220309T145708.137Z,20220309T150629.656Z
TR,TREND.TRACE4,0,100,1,1,,0,0,2
20220309T145708.137Z,0,0
20220309T145713.802Z,1,192
20220309T145717.896Z,2,192
20220309T145721.989Z,3,192
20220309T145726.034Z,4,192
20220309T145730.229Z,5,192
20220309T145734.388Z,6,192
20220309T145738.585Z,7,192
20220309T145742.700Z,8,192
20220309T145746.762Z,9,192
20220309T145750.793Z,10,192
20220309T145754.808Z,11,192
20220309T145758.862Z,12,192
20220309T145803.044Z,13,192
20220309T145807.205Z,14,192
20220309T145811.362Z,15,192
20220309T145815.534Z,16,192
20220309T145819.542Z,17,192
20220309T145823.556Z,18,192
20220309T145827.744Z,19,192
20220309T145831.900Z,20,192
20220309T145835.893Z,21,192
20220309T145840.008Z,22,192
20220309T145844.011Z,23,192
20220309T145848.071Z,24,192
20220309T145852.087Z,25,192
20220309T145856.128Z,26,192
20220309T145900.270Z,27,192
20220309T145904.477Z,28,192
20220309T145908.478Z,29,192
20220309T145912.502Z,30,192
20220309T145916.543Z,31,192
20220309T145920.534Z,32,192
20220309T145924.717Z,33,192
20220309T145928.895Z,34,192
20220309T145932.906Z,35,192
20220309T145936.958Z,36,192
20220309T145941.075Z,37,192
20220309T145945.097Z,38,192
20220309T145949.122Z,39,192
20220309T145953.119Z,40,192
20220309T145957.314Z,41,192
20220309T150001.355Z,42,192
20220309T150005.378Z,43,192
20220309T150009.410Z,44,192
20220309T150013.440Z,45,192
20220309T150017.563Z,46,192
20220309T150021.656Z,47,192
20220309T150025.721Z,48,192
20220309T150029.814Z,49,192
20220309T150033.979Z,50,192
20220309T150038.150Z,51,192
20220309T150042.155Z,52,192
20220309T150046.325Z,53,192
20220309T150050.391Z,54,192
20220309T150054.517Z,55,192
20220309T150058.522Z,56,192
20220309T150102.579Z,57,192
20220309T150106.755Z,58,192
20220309T150110.758Z,59,192
20220309T150114.797Z,60,192
20220309T150118.903Z,61,192
20220309T150122.909Z,62,192
20220309T150127.081Z,63,192
20220309T150131.247Z,64,192
20220309T150135.240Z,65,192
20220309T150139.298Z,66,192
20220309T150143.397Z,67,192
20220309T150147.566Z,68,192
20220309T150151.595Z,69,192
20220309T150155.637Z,70,192
20220309T150159.736Z,71,192
20220309T150203.802Z,72,192
20220309T150207.879Z,73,192
20220309T150211.916Z,74,192
20220309T150215.978Z,75,192
20220309T150220.050Z,76,192
20220309T150224.177Z,77,192
20220309T150228.298Z,78,192
20220309T150232.338Z,79,192
20220309T150236.350Z,80,192
20220309T150240.426Z,81,192
20220309T150244.459Z,82,192
20220309T150248.494Z,83,192
20220309T150252.494Z,84,192
20220309T150256.535Z,85,192
20220309T150300.720Z,86,192
20220309T150304.909Z,87,192
20220309T150308.925Z,88,192
20220309T150312.953Z,89,192
20220309T150317.080Z,90,192
20220309T150321.209Z,91,192
20220309T150325.288Z,92,192
20220309T150329.363Z,93,192
20220309T150333.478Z,94,192
20220309T150337.515Z,95,192
20220309T150341.580Z,96,192
20220309T150345.687Z,97,192
20220309T150349.741Z,98,192
20220309T150353.859Z,99,192
20220309T150358.046Z,100,192
20220309T150402.068Z,99,192
20220309T150406.265Z,98,192
20220309T150410.384Z,97,192
20220309T150414.431Z,96,192
20220309T150418.602Z,95,192
20220309T150422.759Z,94,192
20220309T150426.941Z,93,192
20220309T150430.988Z,92,192
20220309T150435.018Z,91,192
20220309T150439.202Z,90,192
20220309T150443.330Z,89,192
20220309T150447.400Z,88,192
20220309T150451.399Z,87,192
20220309T150455.489Z,86,192
20220309T150459.687Z,85,192
20220309T150503.781Z,84,192
20220309T150507.914Z,83,192
20220309T150512.101Z,82,192
20220309T150516.148Z,81,192
20220309T150520.211Z,80,192
20220309T150524.204Z,79,192
20220309T150528.397Z,78,192
20220309T150532.453Z,77,192
20220309T150536.629Z,76,192
20220309T150540.710Z,75,192
20220309T150544.718Z,74,192
20220309T150548.879Z,73,192
20220309T150552.926Z,72,192
20220309T150556.947Z,71,192
20220309T150601.036Z,70,192
20220309T150605.222Z,69,192
20220309T150609.422Z,68,192
20220309T150613.412Z,67,192
20220309T150617.413Z,66,192
20220309T150621.515Z,65,192
20220309T150625.524Z,64,192
20220309T150629.656Z,63,192
LB,04069,0,T,TREND.TRACE2,20220309T150443.330Z,20220309T151211.641Z
TR,TREND.TRACE2,0,100,1,1,,0,0,2
20220309T150443.330Z,96.679024,192
20220309T150447.400Z,96.359192,192
20220309T150451.399Z,96.025246,192
20220309T150455.489Z,95.677277,192
20220309T150459.687Z,95.315392,192
20220309T150503.781Z,94.939705,192
20220309T150507.914Z,94.550323,192
20220309T150512.101Z,94.147377,192
20220309T150516.148Z,93.730988,192
20220309T150520.211Z,93.30127,192
20220309T150524.204Z,92.858368,192
20220309T150528.397Z,92.402405,192
20220309T150532.453Z,91.933525,192
20220309T150536.629Z,91.451881,192
20220309T150540.710Z,90.957603,192
20220309T150544.718Z,90.450851,192
20220309T150548.879Z,89.931778,192
20220309T150552.926Z,89.400536,192
20220309T150556.947Z,88.8573,192
20220309T150601.036Z,88.302223,192
20220309T150605.222Z,87.735481,192
20220309T150609.422Z,87.157242,192
20220309T150613.412Z,86.567688,192
20220309T150617.413Z,85.966988,192
20220309T150621.515Z,85.355339,192
20220309T150625.524Z,84.732918,192
20220309T150629.656Z,84.099915,192
20220309T150633.645Z,83.456528,192
20220309T150637.719Z,82.802948,192
20220309T150641.814Z,82.139381,192
20220309T150645.851Z,81.466019,192
20220309T150650.062Z,80.783073,192
20220309T150654.077Z,80.090752,192
20220309T150658.115Z,79.389259,192
20220309T150702.131Z,78.678825,192
20220309T150706.313Z,77.959648,192
20220309T150710.317Z,77.231949,192
20220309T150714.327Z,76.495964,192
20220309T150718.333Z,75.751907,192
20220309T150722.360Z,75,192
20220309T150726.444Z,74.240479,192
20220309T150730.446Z,73.473579,192
20220309T150734.632Z,72.699524,192
20220309T150738.657Z,71.918556,192
20220309T150742.664Z,71.130913,192
20220309T150746.688Z,70.33683,192
20220309T150750.775Z,69.53656,192
20220309T150754.790Z,68.730331,192
20220309T150758.818Z,67.918396,192
20220309T150802.818Z,67.101006,192
20220309T150806.821Z,66.278404,192
20220309T150810.821Z,65.450851,192
20220309T150814.838Z,64.618584,192
20220309T150818.860Z,63.781868,192
20220309T150822.900Z,62.940952,192
20220309T150827.093Z,62.096096,192
20220309T150831.126Z,61.247551,192
20220309T150835.202Z,60.395584,192
20220309T150839.253Z,59.540451,192
20220309T150843.290Z,58.682407,192
20220309T150847.344Z,57.821724,192
20220309T150851.531Z,56.958656,192
20220309T150855.628Z,56.093468,192
20220309T150859.656Z,55.226421,192
20220309T150903.675Z,54.357788,192
20220309T150907.712Z,53.487823,192
20220309T150911.782Z,52.616798,192
20220309T150915.854Z,51.744976,192
20220309T150920.044Z,50.87262,192
20220309T150924.235Z,50,192
20220309T150928.310Z,49.12738,192
20220309T150932.357Z,48.255024,192
20220309T150936.347Z,47.383202,192
20220309T150940.432Z,46.512177,192
20220309T150944.434Z,45.642212,192
20220309T150948.471Z,44.773579,192
20220309T150952.674Z,43.906532,192
20220309T150956.837Z,43.041344,192
20220309T151001.025Z,42.178276,192
20220309T151005.031Z,41.317593,192
20220309T151009.075Z,40.459549,192
20220309T151013.116Z,39.604416,192
20220309T151017.259Z,38.752449,192
20220309T151021.290Z,37.903904,192
20220309T151025.299Z,37.059048,192
20220309T151029.408Z,36.218132,192
20220309T151033.498Z,35.381416,192
20220309T151037.518Z,34.549149,192
20220309T151041.557Z,33.721592,192
20220309T151045.547Z,32.898994,192
20220309T151049.549Z,32.081604,192
20220309T151053.564Z,31.26967,192
20220309T151057.736Z,30.463444,192
20220309T151101.853Z,29.663168,192
20220309T151105.952Z,28.869087,192
20220309T151110.126Z,28.081442,192
20220309T151114.338Z,27.300474,192
20220309T151118.330Z,26.526423,192
20220309T151122.376Z,25.75952,192
20220309T151126.540Z,25,192
20220309T151130.734Z,24.248096,192
20220309T151134.767Z,23.504036,192
20220309T151138.810Z,22.768047,192
20220309T151142.995Z,22.040356,192
20220309T151147.118Z,21.321178,192
20220309T151151.110Z,20.610737,192
20220309T151155.124Z,19.909248,192
20220309T151159.267Z,19.216927,192
20220309T151203.450Z,18.533981,192
20220309T151207.513Z,17.860619,192
20220309T151211.641Z,17.197048,192
LB,04072,0,T,TREND.TRACE1,20220309T150443.330Z,20220309T151219.752Z
TR,TREND.TRACE1,0,100,1,1,,0,0,2
20220309T150443.330Z,32.081604,192
20220309T150447.400Z,31.26967,192
20220309T150451.399Z,30.463444,192
20220309T150455.489Z,29.663168,192
20220309T150459.687Z,28.869087,192
20220309T150503.781Z,28.081442,192
20220309T150507.914Z,27.300474,192
20220309T150512.101Z,26.526423,192
20220309T150516.148Z,25.75952,192
20220309T150520.211Z,25,192
20220309T150524.204Z,24.248096,192
20220309T150528.397Z,23.504036,192
20220309T150532.453Z,22.768047,192
20220309T150536.629Z,22.040356,192
20220309T150540.710Z,21.321178,192
20220309T150544.718Z,20.610737,192
20220309T150548.879Z,19.909248,192
20220309T150552.926Z,19.216927,192
20220309T150556.947Z,18.533981,192
20220309T150601.036Z,17.860619,192
20220309T150605.222Z,17.197048,192
20220309T150609.422Z,16.54347,192
20220309T150613.412Z,15.900082,192
20220309T150617.413Z,15.267081,192
20220309T150621.515Z,14.644661,192
20220309T150625.524Z,14.03301,192
20220309T150629.656Z,13.432315,192
20220309T150633.645Z,12.842759,192
20220309T150637.719Z,12.264521,192
20220309T150641.814Z,11.697778,192
20220309T150645.851Z,11.142702,192
20220309T150650.062Z,10.599463,192
20220309T150654.077Z,10.068225,192
20220309T150658.115Z,9.54915,192
20220309T150702.131Z,9.042397,192
20220309T150706.313Z,8.548121,192
20220309T150710.317Z,8.066472,192
20220309T150714.327Z,7.597595,192
20220309T150718.333Z,7.141635,192
20220309T150722.360Z,6.69873,192
20220309T150726.444Z,6.269015,192
20220309T150730.446Z,5.85262,192
20220309T150734.632Z,5.449674,192
20220309T150738.657Z,5.060297,192
20220309T150742.664Z,4.684611,192
20220309T150746.688Z,4.322727,192
20220309T150750.775Z,3.974757,192
20220309T150754.790Z,3.640807,192
20220309T150758.818Z,3.320979,192
20220309T150802.818Z,3.015369,192
20220309T150806.821Z,2.724071,192
20220309T150810.821Z,2.447174,192
20220309T150814.838Z,2.184762,192
20220309T150818.860Z,1.936915,192
20220309T150822.900Z,1.703709,192
20220309T150827.093Z,1.485214,192
20220309T150831.126Z,1.281497,192
20220309T150835.202Z,1.09262,192
20220309T150839.253Z,0.918641,192
20220309T150843.290Z,0.759612,192
20220309T150847.344Z,0.615583,192
20220309T150851.531Z,0.486597,192
20220309T150855.628Z,0.372692,192
20220309T150859.656Z,0.273905,192
20220309T150903.675Z,0.190265,192
20220309T150907.712Z,0.121797,192
20220309T150911.782Z,0.068523,192
20220309T150915.854Z,0.030459,192
20220309T150920.044Z,0.007615,192
20220309T150924.235Z,0,192
20220309T150928.310Z,0.007615,192
20220309T150932.357Z,0.030459,192
20220309T150936.347Z,0.068523,192
20220309T150940.432Z,0.121797,192
20220309T150944.434Z,0.190265,192
20220309T150948.471Z,0.273905,192
20220309T150952.674Z,0.372692,192
20220309T150956.837Z,0.486597,192
20220309T151001.025Z,0.615583,192
20220309T151005.031Z,0.759612,192
20220309T151009.075Z,0.918641,192
20220309T151013.116Z,1.09262,192
20220309T151017.259Z,1.281497,192
20220309T151021.290Z,1.485214,192
20220309T151025.299Z,1.703709,192
20220309T151029.408Z,1.936915,192
20220309T151033.498Z,2.184762,192
20220309T151037.518Z,2.447174,192
20220309T151041.557Z,2.724071,192
20220309T151045.547Z,3.015369,192
20220309T151049.549Z,3.320979,192
20220309T151053.564Z,3.640807,192
20220309T151057.736Z,3.974757,192
20220309T151101.853Z,4.322727,192
20220309T151105.952Z,4.684611,192
20220309T151110.126Z,5.060297,192
20220309T151114.338Z,5.449674,192
20220309T151118.330Z,5.85262,192
20220309T151122.376Z,6.269015,192
20220309T151126.540Z,6.69873,192
20220309T151130.734Z,7.141635,192
20220309T151134.767Z,7.597595,192
20220309T151138.810Z,8.066472,192
20220309T151142.995Z,8.548121,192
20220309T151147.118Z,9.042397,192
20220309T151151.110Z,9.54915,192
20220309T151155.124Z,10.068225,192
20220309T151159.267Z,10.599463,192
20220309T151203.450Z,11.142702,192
20220309T151207.513Z,11.697778,192
20220309T151211.641Z,12.264521,192
20220309T151215.732Z,12.842759,192
20220309T151219.752Z,13.432315,192
LB,04076,0,T,TREND.TRACE3,20220309T150629.656Z,20220309T151545.826Z
TR,TREND.TRACE3,0,100,1,1,,0,0,2
20220309T150629.656Z,40,192
20220309T150633.645Z,52,192
20220309T150637.719Z,57,192
20220309T150641.814Z,47,192
20220309T150645.851Z,48,192
20220309T150650.062Z,44,192
20220309T150654.077Z,41,192
20220309T150658.115Z,51,192
20220309T150702.131Z,46,192
20220309T150706.313Z,45,192
20220309T150710.317Z,57,192
20220309T150714.327Z,54,192
20220309T150718.333Z,55,192
20220309T150722.360Z,58,192
20220309T150726.444Z,55,192
20220309T150730.446Z,57,192
20220309T150734.632Z,55,192
20220309T150738.657Z,56,192
20220309T150742.664Z,59,192
20220309T150746.688Z,60,192
20220309T150750.775Z,53,192
20220309T150754.790Z,46,192
20220309T150758.818Z,57,192
20220309T150802.818Z,57,192
20220309T150806.821Z,40,192
20220309T150810.821Z,45,192
20220309T150814.838Z,54,192
20220309T150818.860Z,51,192
20220309T150822.900Z,44,192
20220309T150827.093Z,56,192
20220309T150831.126Z,52,192
20220309T150835.202Z,44,192
20220309T150839.253Z,44,192
20220309T150843.290Z,44,192
20220309T150847.344Z,53,192
20220309T150851.531Z,51,192
20220309T150855.628Z,40,192
20220309T150859.656Z,47,192
20220309T150903.675Z,46,192
20220309T150907.712Z,60,192
20220309T150911.782Z,45,192
20220309T150915.854Z,50,192
20220309T150920.044Z,54,192
20220309T150924.235Z,54,192
20220309T150928.310Z,48,192
20220309T150932.357Z,42,192
20220309T150936.347Z,50,192
20220309T150940.432Z,40,192
20220309T150944.434Z,59,192
20220309T150948.471Z,43,192
20220309T150952.674Z,44,192
20220309T150956.837Z,49,192
20220309T151001.025Z,57,192
20220309T151005.031Z,53,192
20220309T151009.075Z,56,192
20220309T151013.116Z,43,192
20220309T151017.259Z,48,192
20220309T151021.290Z,40,192
20220309T151025.299Z,54,192
20220309T151029.408Z,54,192
20220309T151033.498Z,58,192
20220309T151037.518Z,48,192
20220309T151041.557Z,55,192
20220309T151045.547Z,54,192
20220309T151049.549Z,51,192
20220309T151053.564Z,54,192
20220309T151057.736Z,43,192
20220309T151101.853Z,48,192
20220309T151105.952Z,60,192
20220309T151110.126Z,42,192
20220309T151114.338Z,56,192
20220309T151118.330Z,60,192
20220309T151122.376Z,40,192
20220309T151126.540Z,53,192
20220309T151130.734Z,52,192
20220309T151134.767Z,41,192
20220309T151138.810Z,60,192
20220309T151142.995Z,58,192
20220309T151147.118Z,45,192
20220309T151151.110Z,52,192
20220309T151155.124Z,54,192
20220309T151159.267Z,55,192
20220309T151203.450Z,60,192
20220309T151207.513Z,41,192
20220309T151211.641Z,50,192
20220309T151215.732Z,60,192
20220309T151219.752Z,57,192
20220309T151223.962Z,42,192
20220309T151227.965Z,40,192
20220309T151232.087Z,58,192
20220309T151236.276Z,45,192
20220309T151240.327Z,49,192
20220309T151244.518Z,48,192
20220309T151248.720Z,47,192
20220309T151252.744Z,57,192
20220309T151256.768Z,53,192
20220309T151300.891Z,42,192
20220309T151305.009Z,44,192
20220309T151309.118Z,44,192
20220309T151313.293Z,46,192
20220309T151317.415Z,57,192
20220309T151321.509Z,52,192
20220309T151325.697Z,45,192
20220309T151329.890Z,58,192
20220309T151334.046Z,52,192
20220309T151338.201Z,54,192
20220309T151342.344Z,59,192
20220309T151346.495Z,42,192
20220309T151350.557Z,48,192
20220309T151354.555Z,57,192
20220309T151358.696Z,51,192
20220309T151402.837Z,51,192
20220309T151406.902Z,56,192
20220309T151411.059Z,40,192
20220309T151415.235Z,48,192
20220309T151419.409Z,43,192
20220309T151423.593Z,45,192
20220309T151427.607Z,40,192
20220309T151431.765Z,53,192
20220309T151435.907Z,59,192
20220309T151439.915Z,50,192
20220309T151444.066Z,58,192
20220309T151448.181Z,54,192
20220309T151452.331Z,59,192
20220309T151456.501Z,48,192
20220309T151500.653Z,49,192
20220309T151504.782Z,60,192
20220309T151508.966Z,45,192
20220309T151513.079Z,50,192
20220309T151517.215Z,56,192
20220309T151521.352Z,51,192
20220309T151525.393Z,55,192
20220309T151529.471Z,44,192
20220309T151533.469Z,41,192
20220309T151537.590Z,47,192
20220309T151541.685Z,58,192
20220309T151545.826Z,46,192
LB,04086,0,T,TREND.TRACE4,20220309T150633.645Z,20220309T151554.134Z
TR,TREND.TRACE4,0,100,1,1,,0,0,2
20220309T150633.645Z,62,192
20220309T150637.719Z,61,192
20220309T150641.814Z,60,192
20220309T150645.851Z,59,192
20220309T150650.062Z,58,192
20220309T150654.077Z,57,192
20220309T150658.115Z,56,192
20220309T150702.131Z,55,192
20220309T150706.313Z,54,192
20220309T150710.317Z,53,192
20220309T150714.327Z,52,192
20220309T150718.333Z,51,192
20220309T150722.360Z,50,192
20220309T150726.444Z,49,192
20220309T150730.446Z,48,192
20220309T150734.632Z,47,192
20220309T150738.657Z,46,192
20220309T150742.664Z,45,192
20220309T150746.688Z,44,192
20220309T150750.775Z,43,192
20220309T150754.790Z,42,192
20220309T150758.818Z,41,192
20220309T150802.818Z,40,192
20220309T150806.821Z,39,192
20220309T150810.821Z,38,192
20220309T150814.838Z,37,192
20220309T150818.860Z,36,192
20220309T150822.900Z,35,192
20220309T150827.093Z,34,192
20220309T150831.126Z,33,192
20220309T150835.202Z,32,192
20220309T150839.253Z,31,192
20220309T150843.290Z,30,192
20220309T150847.344Z,29,192
20220309T150851.531Z,28,192
20220309T150855.628Z,27,192
20220309T150859.656Z,26,192
20220309T150903.675Z,25,192
20220309T150907.712Z,24,192
20220309T150911.782Z,23,192
20220309T150915.854Z,22,192
20220309T150920.044Z,21,192
20220309T150924.235Z,20,192
20220309T150928.310Z,19,192
20220309T150932.357Z,18,192
20220309T150936.347Z,17,192
20220309T150940.432Z,16,192
20220309T150944.434Z,15,192
20220309T150948.471Z,14,192
20220309T150952.674Z,13,192
20220309T150956.837Z,12,192
20220309T151001.025Z,11,192
20220309T151005.031Z,10,192
20220309T151009.075Z,9,192
20220309T151013.116Z,8,192
20220309T151017.259Z,7,192
20220309T151021.290Z,6,192
20220309T151025.299Z,5,192
20220309T151029.408Z,4,192
20220309T151033.498Z,3,192
20220309T151037.518Z,2,192
20220309T151041.557Z,1,192
20220309T151045.547Z,0,192
20220309T151049.549Z,1,192
20220309T151053.564Z,2,192
20220309T151057.736Z,3,192
20220309T151101.853Z,4,192
20220309T151105.952Z,5,192
20220309T151110.126Z,6,192
20220309T151114.338Z,7,192
20220309T151118.330Z,8,192
20220309T151122.376Z,9,192
20220309T151126.540Z,10,192
20220309T151130.734Z,11,192
20220309T151134.767Z,12,192
20220309T151138.810Z,13,192
20220309T151142.995Z,14,192
20220309T151147.118Z,15,192
20220309T151151.110Z,16,192
20220309T151155.124Z,17,192
20220309T151159.267Z,18,192
20220309T151203.450Z,19,192
20220309T151207.513Z,20,192
20220309T151211.641Z,21,192
20220309T151215.732Z,22,192
20220309T151219.752Z,23,192
20220309T151223.962Z,24,192
20220309T151227.965Z,25,192
20220309T151232.087Z,26,192
20220309T151236.276Z,27,192
20220309T151240.327Z,28,192
20220309T151244.518Z,29,192
20220309T151248.720Z,30,192
20220309T151252.744Z,31,192
20220309T151256.768Z,32,192
20220309T151300.891Z,33,192
20220309T151305.009Z,34,192
20220309T151309.118Z,35,192
20220309T151313.293Z,36,192
20220309T151317.415Z,37,192
20220309T151321.509Z,38,192
20220309T151325.697Z,39,192
20220309T151329.890Z,40,192
20220309T151334.046Z,41,192
20220309T151338.201Z,42,192
20220309T151342.344Z,43,192
20220309T151346.495Z,44,192
20220309T151350.557Z,45,192
20220309T151354.555Z,46,192
20220309T151358.696Z,47,192
20220309T151402.837Z,48,192
20220309T151406.902Z,49,192
20220309T151411.059Z,50,192
20220309T151415.235Z,51,192
20220309T151419.409Z,52,192
20220309T151423.593Z,53,192
20220309T151427.607Z,54,192
20220309T151431.765Z,55,192
20220309T151435.907Z,56,192
20220309T151439.915Z,57,192
20220309T151444.066Z,58,192
20220309T151448.181Z,59,192
20220309T151452.331Z,60,192
20220309T151456.501Z,61,192
20220309T151500.653Z,62,192
20220309T151504.782Z,63,192
20220309T151508.966Z,64,192
20220309T151513.079Z,65,192
20220309T151517.215Z,66,192
20220309T151521.352Z,67,192
20220309T151525.393Z,68,192
20220309T151529.471Z,69,192
20220309T151533.469Z,70,192
20220309T151537.590Z,71,192
20220309T151541.685Z,72,192
20220309T151545.826Z,73,192
20220309T151549.998Z,74,192
20220309T151554.134Z,75,192
LB,02700,0,T,TREND.TRACE1,20220309T151223.962Z,20220309T151719.799Z
TR,TREND.TRACE1,0,100,1,1,,0,0,2
20220309T151223.962Z,14.03301,192
20220309T151227.965Z,14.644661,192
20220309T151232.087Z,15.267081,192
20220309T151236.276Z,15.900082,192
20220309T151240.327Z,16.54347,192
20220309T151244.518Z,17.197048,192
20220309T151248.720Z,17.860619,192
20220309T151252.744Z,18.533981,192
20220309T151256.768Z,19.216927,192
20220309T151300.891Z,19.909248,192
20220309T151305.009Z,20.610737,192
20220309T151309.118Z,21.321178,192
20220309T151313.293Z,22.040356,192
20220309T151317.415Z,22.768047,192
20220309T151321.509Z,23.504036,192
20220309T151325.697Z,24.248096,192
20220309T151329.890Z,25,192
20220309T151334.046Z,25.75952,192
20220309T151338.201Z,26.526423,192
20220309T151342.344Z,27.300474,192
20220309T151346.495Z,28.081442,192
20220309T151350.557Z,28.869087,192
20220309T151354.555Z,29.663168,192
20220309T151358.696Z,30.463444,192
20220309T151402.837Z,31.26967,192
20220309T151406.902Z,32.081604,192
20220309T151411.059Z,32.898994,192
20220309T151415.235Z,33.721592,192
20220309T151419.409Z,34.549149,192
20220309T151423.593Z,35.381416,192
20220309T151427.607Z,36.218132,192
20220309T151431.765Z,37.059048,192
20220309T151435.907Z,37.903904,192
20220309T151439.915Z,38.752449,192
20220309T151444.066Z,39.604416,192
20220309T151448.181Z,40.459549,192
20220309T151452.331Z,41.317593,192
20220309T151456.501Z,42.178276,192
20220309T151500.653Z,43.041344,192
20220309T151504.782Z,43.906532,192
20220309T151508.966Z,44.773579,192
20220309T151513.079Z,45.642212,192
20220309T151517.215Z,46.512177,192
20220309T151521.352Z,47.383202,192
20220309T151525.393Z,48.255024,192
20220309T151529.471Z,49.12738,192
20220309T151533.469Z,50,192
20220309T151537.590Z,50.87262,192
20220309T151541.685Z,51.744976,192
20220309T151545.826Z,52.616798,192
20220309T151549.998Z,53.487823,192
20220309T151554.134Z,54.357788,192
20220309T151558.171Z,55.226421,192
20220309T151602.267Z,56.093468,192
20220309T151606.415Z,56.958656,192
20220309T151610.486Z,57.821724,192
20220309T151614.658Z,58.682407,192
20220309T151618.739Z,59.540451,192
20220309T151622.770Z,60.395584,192
20220309T151626.958Z,61.247551,192
20220309T151631.137Z,62.096096,192
20220309T151635.322Z,62.940952,192
20220309T151639.447Z,63.781868,192
20220309T151643.549Z,64.618584,192
20220309T151647.744Z,65.450851,192
20220309T151651.754Z,66.278404,192
20220309T151656.003Z,67.101006,192
20220309T151700.149Z,67.918396,192
20220309T151704.271Z,68.730331,192
20220309T151708.455Z,69.53656,192
20220309T151712.646Z,70.33683,192
20220309T151716.772Z,71.130913,192
20220309T151719.799Z,0,64
LB,02718,0,T,TREND.TRACE2,20220309T151215.732Z,20220309T151719.799Z
TR,TREND.TRACE2,0,100,1,1,,0,0,2
20220309T151215.732Z,16.54347,192
20220309T151219.752Z,15.900082,192
20220309T151223.962Z,15.267081,192
20220309T151227.965Z,14.644661,192
20220309T151232.087Z,14.03301,192
20220309T151236.276Z,13.432315,192
20220309T151240.327Z,12.842759,192
20220309T151244.518Z,12.264521,192
20220309T151248.720Z,11.697778,192
20220309T151252.744Z,11.142702,192
20220309T151256.768Z,10.599463,192
20220309T151300.891Z,10.068225,192
20220309T151305.009Z,9.54915,192
20220309T151309.118Z,9.042397,192
20220309T151313.293Z,8.548121,192
20220309T151317.415Z,8.066472,192
20220309T151321.509Z,7.597595,192
20220309T151325.697Z,7.141635,192
20220309T151329.890Z,6.69873,192
20220309T151334.046Z,6.269015,192
20220309T151338.201Z,5.85262,192
20220309T151342.344Z,5.449674,192
20220309T151346.495Z,5.060297,192
20220309T151350.557Z,4.684611,192
20220309T151354.555Z,4.322727,192
20220309T151358.696Z,3.974757,192
20220309T151402.837Z,3.640807,192
20220309T151406.902Z,3.320979,192
20220309T151411.059Z,3.015369,192
20220309T151415.235Z,2.724071,192
20220309T151419.409Z,2.447174,192
20220309T151423.593Z,2.184762,192
20220309T151427.607Z,1.936915,192
20220309T151431.765Z,1.703709,192
20220309T151435.907Z,1.485214,192
20220309T151439.915Z,1.281497,192
20220309T151444.066Z,1.09262,192
20220309T151448.181Z,0.918641,192
20220309T151452.331Z,0.759612,192
20220309T151456.501Z,0.615583,192
20220309T151500.653Z,0.486597,192
20220309T151504.782Z,0.372692,192
20220309T151508.966Z,0.273905,192
20220309T151513.079Z,0.190265,192
20220309T151517.215Z,0.121797,192
20220309T151521.352Z,0.068523,192
20220309T151525.393Z,0.030459,192
20220309T151529.471Z,0.007615,192
20220309T151533.469Z,0,192
20220309T151537.590Z,0.007615,192
20220309T151541.685Z,0.030459,192
20220309T151545.826Z,0.068523,192
20220309T151549.998Z,0.121797,192
20220309T151554.134Z,0.190265,192
20220309T151558.171Z,0.273905,192
20220309T151602.267Z,0.372692,192
20220309T151606.415Z,0.486597,192
20220309T151610.486Z,0.615583,192
20220309T151614.658Z,0.759612,192
20220309T151618.739Z,0.918641,192
20220309T151622.770Z,1.09262,192
20220309T151626.958Z,1.281497,192
20220309T151631.137Z,1.485214,192
20220309T151635.322Z,1.703709,192
20220309T151639.447Z,1.936915,192
20220309T151643.549Z,2.184762,192
20220309T151647.744Z,2.447174,192
20220309T151651.754Z,2.724071,192
20220309T151656.003Z,3.015369,192
20220309T151700.149Z,3.320979,192
20220309T151704.271Z,3.640807,192
20220309T151708.455Z,3.974757,192
20220309T151712.646Z,4.322727,192
20220309T151716.772Z,4.684611,192
20220309T151719.799Z,0,64
LB,00768,0,T,TREND.TRACE3,20220309T151549.998Z,20220309T151719.799Z
TR,TREND.TRACE3,0,100,1,1,,0,0,2
20220309T151549.998Z,41,192
20220309T151554.134Z,44,192
20220309T151558.171Z,58,192
20220309T151602.267Z,56,192
20220309T151606.415Z,54,192
20220309T151610.486Z,52,192
20220309T151614.658Z,54,192
20220309T151618.739Z,48,192
20220309T151622.770Z,41,192
20220309T151626.958Z,60,192
20220309T151631.137Z,47,192
20220309T151635.322Z,58,192
20220309T151639.447Z,53,192
20220309T151643.549Z,44,192
20220309T151647.744Z,44,192
20220309T151651.754Z,60,192
20220309T151656.003Z,42,192
20220309T151700.149Z,49,192
20220309T151704.271Z,55,192
20220309T151708.455Z,43,192
20220309T151712.646Z,56,192
20220309T151716.772Z,41,192
20220309T151719.799Z,0,64
LB,00710,0,T,TREND.TRACE4,20220309T151558.171Z,20220309T151719.799Z
TR,TREND.TRACE4,0,100,1,1,,0,0,2
20220309T151558.171Z,76,192
20220309T151602.267Z,77,192
20220309T151606.415Z,78,192
20220309T151610.486Z,79,192
20220309T151614.658Z,80,192
20220309T151618.739Z,81,192
20220309T151622.770Z,82,192
20220309T151626.958Z,83,192
20220309T151631.137Z,84,192
20220309T151635.322Z,85,192
20220309T151639.447Z,86,192
20220309T151643.549Z,87,192
20220309T151647.744Z,88,192
20220309T151651.754Z,89,192
20220309T151656.003Z,90,192
20220309T151700.149Z,91,192
20220309T151704.271Z,92,192
20220309T151708.455Z,93,192
20220309T151712.646Z,94,192
20220309T151716.772Z,95,192
20220309T151719.799Z,0,64
LB,04066,0,T,TREND.TRACE1,20220309T151823.986Z,20220309T152554.057Z
TR,TREND.TRACE1,0,100,1,1,,0,0,2
20220309T151823.986Z,0,0
20220309T151829.824Z,99.992386,192
20220309T151833.823Z,99.969543,192
20220309T151837.838Z,99.93148,192
20220309T151841.918Z,99.878204,192
20220309T151846.096Z,99.809738,192
20220309T151850.096Z,99.726097,192
20220309T151854.105Z,99.627304,192
20220309T151858.096Z,99.513405,192
20220309T151902.213Z,99.384415,192
20220309T151906.241Z,99.240387,192
20220309T151910.246Z,99.08136,192
20220309T151914.239Z,98.907379,192
20220309T151918.429Z,98.718506,192
20220309T151922.604Z,98.514786,192
20220309T151926.806Z,98.296288,192
20220309T151930.839Z,98.063087,192
20220309T151935.018Z,97.815239,192
20220309T151939.020Z,97.552826,192
20220309T151943.117Z,97.275932,192
20220309T151947.324Z,96.984634,192
20220309T151951.354Z,96.679024,192
20220309T151955.393Z,96.359192,192
20220309T151959.413Z,96.025246,192
20220309T152003.419Z,95.677277,192
20220309T152007.554Z,95.315392,192
20220309T152011.611Z,94.939705,192
20220309T152015.612Z,94.550323,192
20220309T152019.662Z,94.147377,192
20220309T152023.691Z,93.730988,192
20220309T152027.705Z,93.30127,192
20220309T152031.771Z,92.858368,192
20220309T152035.819Z,92.402405,192
20220309T152039.818Z,91.933525,192
20220309T152043.862Z,91.451881,192
20220309T152047.911Z,90.957603,192
20220309T152052.109Z,90.450851,192
20220309T152056.154Z,89.931778,192
20220309T152100.341Z,89.400536,192
20220309T152104.409Z,88.8573,192
20220309T152108.428Z,88.302223,192
20220309T152112.451Z,87.735481,192
20220309T152116.490Z,87.157242,192
20220309T152120.485Z,86.567688,192
20220309T152124.689Z,85.966988,192
20220309T152128.693Z,85.355339,192
20220309T152132.846Z,84.732918,192
20220309T152136.876Z,84.099915,192
20220309T152140.943Z,83.456528,192
20220309T152145.036Z,82.802948,192
20220309T152149.096Z,82.139381,192
20220309T152153.097Z,81.466019,192
20220309T152157.255Z,80.783073,192
20220309T152201.393Z,80.090752,192
20220309T152205.600Z,79.389259,192
20220309T152209.596Z,78.678825,192
20220309T152213.796Z,77.959648,192
20220309T152217.786Z,77.231949,192
20220309T152221.849Z,76.495964,192
20220309T152225.959Z,75.751907,192
20220309T152229.968Z,75,192
20220309T152233.999Z,74.240479,192
20220309T152238.115Z,73.473579,192
20220309T152242.296Z,72.699524,192
20220309T152246.285Z,71.918556,192
20220309T152250.408Z,71.130913,192
20220309T152254.411Z,70.33683,192
20220309T152258.488Z,69.53656,192
20220309T152302.686Z,68.730331,192
20220309T152306.850Z,67.918396,192
20220309T152310.865Z,67.101006,192
20220309T152314.863Z,66.278404,192
20220309T152318.866Z,65.450851,192
20220309T152323.067Z,64.618584,192
20220309T152327.111Z,63.781868,192
20220309T152331.299Z,62.940952,192
20220309T152335.367Z,62.096096,192
20220309T152339.410Z,61.247551,192
20220309T152343.459Z,60.395584,192
20220309T152347.538Z,59.540451,192
20220309T152351.724Z,58.682407,192
20220309T152355.921Z,57.821724,192
20220309T152359.936Z,56.958656,192
20220309T152404.122Z,56.093468,192
20220309T152408.170Z,55.226421,192
20220309T152412.186Z,54.357788,192
20220309T152416.182Z,53.487823,192
20220309T152420.192Z,52.616798,192
20220309T152424.384Z,51.744976,192
20220309T152428.447Z,50.87262,192
20220309T152432.497Z,50,192
20220309T152436.556Z,49.12738,192
20220309T152440.764Z,48.255024,192
20220309T152444.920Z,47.383202,192
20220309T152448.962Z,46.512177,192
20220309T152452.976Z,45.642212,192
20220309T152457.146Z,44.773579,192
20220309T152501.197Z,43.906532,192
20220309T152505.217Z,43.041344,192
20220309T152509.244Z,42.178276,192
20220309T152513.277Z,41.317593,192
20220309T152517.339Z,40.459549,192
20220309T152521.497Z,39.604416,192
20220309T152525.537Z,38.752449,192
20220309T152529.573Z,37.903904,192
20220309T152533.774Z,37.059048,192
20220309T152537.842Z,36.218132,192
20220309T152541.841Z,35.381416,192
20220309T152545.833Z,34.549149,192
20220309T152549.872Z,33.721592,192
20220309T152554.057Z,32.898994,192
LB,04066,0,T,TREND.TRACE2,20220309T151823.986Z,20220309T152554.057Z
TR,TREND.TRACE2,0,100,1,1,,0,0,2
20220309T151823.986Z,0,0
20220309T151829.824Z,50.87262,192
20220309T151833.823Z,51.744976,192
20220309T151837.838Z,52.616798,192
20220309T151841.918Z,53.487823,192
20220309T151846.096Z,54.357788,192
20220309T151850.096Z,55.226421,192
20220309T151854.105Z,56.093468,192
20220309T151858.096Z,56.958656,192
20220309T151902.213Z,57.821724,192
20220309T151906.241Z,58.682407,192
20220309T151910.246Z,59.540451,192
20220309T151914.239Z,60.395584,192
20220309T151918.429Z,61.247551,192
20220309T151922.604Z,62.096096,192
20220309T151926.806Z,62.940952,192
20220309T151930.839Z,63.781868,192
20220309T151935.018Z,64.618584,192
20220309T151939.020Z,65.450851,192
20220309T151943.117Z,66.278404,192
20220309T151947.324Z,67.101006,192
20220309T151951.354Z,67.918396,192
20220309T151955.393Z,68.730331,192
20220309T151959.413Z,69.53656,192
20220309T152003.419Z,70.33683,192
20220309T152007.554Z,71.130913,192
20220309T152011.611Z,71.918556,192
20220309T152015.612Z,72.699524,192
20220309T152019.662Z,73.473579,192
20220309T152023.691Z,74.240479,192
20220309T152027.705Z,75,192
20220309T152031.771Z,75.751907,192
20220309T152035.819Z,76.495964,192
20220309T152039.818Z,77.231949,192
20220309T152043.862Z,77.959648,192
20220309T152047.911Z,78.678825,192
20220309T152052.109Z,79.389259,192
20220309T152056.154Z,80.090752,192
20220309T152100.341Z,80.783073,192
20220309T152104.409Z,81.466019,192
20220309T152108.428Z,82.139381,192
20220309T152112.451Z,82.802948,192
20220309T152116.490Z,83.456528,192
20220309T152120.485Z,84.099915,192
20220309T152124.689Z,84.732918,192
20220309T152128.693Z,85.355339,192
20220309T152132.846Z,85.966988,192
20220309T152136.876Z,86.567688,192
20220309T152140.943Z,87.157242,192
20220309T152145.036Z,87.735481,192
20220309T152149.096Z,88.302223,192
20220309T152153.097Z,88.8573,192
20220309T152157.255Z,89.400536,192
20220309T152201.393Z,89.931778,192
20220309T152205.600Z,90.450851,192
20220309T152209.596Z,90.957603,192
20220309T152213.796Z,91.451881,192
20220309T152217.786Z,91.933525,192
20220309T152221.849Z,92.402405,192
20220309T152225.959Z,92.858368,192
20220309T152229.968Z,93.30127,192
20220309T152233.999Z,93.730988,192
20220309T152238.115Z,94.147377,192
20220309T152242.296Z,94.550323,192
20220309T152246.285Z,94.939705,192
20220309T152250.408Z,95.315392,192
20220309T152254.411Z,95.677277,192
20220309T152258.488Z,96.025246,192
20220309T152302.686Z,96.359192,192
20220309T152306.850Z,96.679024,192
20220309T152310.865Z,96.984634,192
20220309T152314.863Z,97.275932,192
20220309T152318.866Z,97.552826,192
20220309T152323.067Z,97.815239,192
20220309T152327.111Z,98.063087,192
20220309T152331.299Z,98.296288,192
20220309T152335.367Z,98.514786,192
20220309T152339.410Z,98.718506,192
20220309T152343.459Z,98.907379,192
20220309T152347.538Z,99.08136,192
20220309T152351.724Z,99.240387,192
20220309T152355.921Z,99.384415,192
20220309T152359.936Z,99.513405,192
20220309T152404.122Z,99.627304,192
20220309T152408.170Z,99.726097,192
20220309T152412.186Z,99.809738,192
20220309T152416.182Z,99.878204,192
20220309T152420.192Z,99.93148,192
20220309T152424.384Z,99.969543,192
20220309T152428.447Z,99.992386,192
20220309T152432.497Z,100,192
20220309T152436.556Z,99.992386,192
20220309T152440.764Z,99.969543,192
20220309T152444.920Z,99.93148,192
20220309T152448.962Z,99.878204,192
20220309T152452.976Z,99.809738,192
20220309T152457.146Z,99.726097,192
20220309T152501.197Z,99.627304,192
20220309T152505.217Z,99.513405,192
20220309T152509.244Z,99.384415,192
20220309T152513.277Z,99.240387,192
20220309T152517.339Z,99.08136,192
20220309T152521.497Z,98.907379,192
20220309T152525.537Z,98.718506,192
20220309T152529.573Z,98.514786,192
20220309T152533.774Z,98.296288,192
20220309T152537.842Z,98.063087,192
20220309T152541.841Z,97.815239,192
20220309T152545.833Z,97.552826,192
20220309T152549.872Z,97.275932,192
20220309T152554.057Z,96.984634,192
LB,04068,0,T,TREND.TRACE3,20220309T151823.986Z,20220309T153024.385Z
TR,TREND.TRACE3,0,100,1,1,,0,0,2
20220309T151823.986Z,0,0
20220309T151829.824Z,51,192
20220309T151833.823Z,57,192
20220309T151837.838Z,42,192
20220309T151841.918Z,43,192
20220309T151846.096Z,59,192
20220309T151850.096Z,49,192
20220309T151854.105Z,43,192
20220309T151858.096Z,59,192
20220309T151902.213Z,58,192
20220309T151906.241Z,52,192
20220309T151910.246Z,59,192
20220309T151914.239Z,59,192
20220309T151918.429Z,43,192
20220309T151922.604Z,56,192
20220309T151926.806Z,47,192
20220309T151930.839Z,47,192
20220309T151935.018Z,43,192
20220309T151939.020Z,52,192
20220309T151943.117Z,52,192
20220309T151947.324Z,48,192
20220309T151951.354Z,58,192
20220309T151955.393Z,48,192
20220309T151959.413Z,58,192
20220309T152003.419Z,43,192
20220309T152007.554Z,58,192
20220309T152011.611Z,52,192
20220309T152015.612Z,60,192
20220309T152019.662Z,49,192
20220309T152023.691Z,46,192
20220309T152027.705Z,51,192
20220309T152031.771Z,42,192
20220309T152035.819Z,47,192
20220309T152039.818Z,45,192
20220309T152043.862Z,54,192
20220309T152047.911Z,42,192
20220309T152052.109Z,47,192
20220309T152056.154Z,46,192
20220309T152100.341Z,60,192
20220309T152104.409Z,53,192
20220309T152108.428Z,52,192
20220309T152112.451Z,54,192
20220309T152116.490Z,43,192
20220309T152120.485Z,48,192
20220309T152124.689Z,42,192
20220309T152128.693Z,47,192
20220309T152132.846Z,54,192
20220309T152136.876Z,54,192
20220309T152140.943Z,59,192
20220309T152145.036Z,44,192
20220309T152149.096Z,56,192
20220309T152153.097Z,59,192
20220309T152157.255Z,59,192
20220309T152201.393Z,54,192
20220309T152205.600Z,45,192
20220309T152209.596Z,54,192
20220309T152213.796Z,59,192
20220309T152217.786Z,44,192
20220309T152221.849Z,44,192
20220309T152225.959Z,57,192
20220309T152229.968Z,51,192
20220309T152233.999Z,49,192
20220309T152238.115Z,55,192
20220309T152242.296Z,56,192
20220309T152246.285Z,40,192
20220309T152250.408Z,44,192
20220309T152254.411Z,52,192
20220309T152258.488Z,47,192
20220309T152302.686Z,42,192
20220309T152306.850Z,53,192
20220309T152310.865Z,49,192
20220309T152314.863Z,60,192
20220309T152318.866Z,46,192
20220309T152323.067Z,56,192
20220309T152327.111Z,40,192
20220309T152331.299Z,52,192
20220309T152335.367Z,49,192
20220309T152339.410Z,43,192
20220309T152343.459Z,43,192
20220309T152347.538Z,42,192
20220309T152351.724Z,51,192
20220309T152355.921Z,57,192
20220309T152359.936Z,48,192
20220309T152404.122Z,46,192
20220309T152408.170Z,48,192
20220309T152412.186Z,51,192
20220309T152416.182Z,56,192
20220309T152420.192Z,46,192
20220309T152424.384Z,40,192
20220309T152428.447Z,56,192
20220309T152432.497Z,42,192
20220309T152436.556Z,51,192
20220309T152440.764Z,57,192
20220309T152444.920Z,49,192
20220309T152448.962Z,54,192
20220309T152452.976Z,51,192
20220309T152457.146Z,45,192
20220309T152501.197Z,54,192
20220309T152505.217Z,57,192
20220309T152509.244Z,48,192
20220309T152513.277Z,54,192
20220309T152517.339Z,48,192
20220309T152521.497Z,42,192
20220309T152525.537Z,60,192
20220309T152529.573Z,43,192
20220309T152533.774Z,60,192
20220309T152537.842Z,50,192
20220309T152541.841Z,58,192
20220309T152545.833Z,50,192
20220309T152549.872Z,56,192
20220309T152554.057Z,48,192
20220309T152558.104Z,53,192
20220309T152602.122Z,47,192
20220309T152606.322Z,45,192
20220309T152610.495Z,55,192
20220309T152614.495Z,46,192
20220309T152622.261Z,53,192
20220309T152629.535Z,55,192
20220309T152637.115Z,0,64
20220309T152913.817Z,0,0
20220309T152919.230Z,45,192
20220309T152923.400Z,49,192
20220309T152927.451Z,58,192
20220309T152931.542Z,59,192
20220309T152935.665Z,50,192
20220309T152939.823Z,48,192
20220309T152943.872Z,46,192
20220309T152947.889Z,58,192
20220309T152951.879Z,60,192
20220309T152955.934Z,55,192
20220309T153000.014Z,40,192
20220309T153004.044Z,58,192
20220309T153008.092Z,58,192
20220309T153012.114Z,40,192
20220309T153016.162Z,40,192
20220309T153020.208Z,50,192
20220309T153024.385Z,45,192
